a = 1.000000
l = 1.000000
T = 0.100000

ε =
  1.0000e-016

Параметры сетки:
n = 20
k = 50

hx = 0.050000
ht = 0.002000

Начальное отклонение =
@(x) 0.2 * x * (1 - x)

Начальная скорость =
@(x) 0

 Columns 1 through 20:

   0   0   0   0   0   0   0   0   0   0   0   0   0   0   0   0   0   0   0   0

 Column 21:

   0
 Columns 1 through 7:

   0.000000   0.009500   0.018000   0.025500   0.032000   0.037500   0.042000
   0.000000   0.009299   0.017932   0.025496   0.032005   0.037502   0.042000
   0.000000   0.008935   0.017653   0.025429   0.032021   0.037518   0.042005
   0.000000   0.008708   0.017202   0.025172   0.031999   0.037565   0.042031
   0.000000   0.008559   0.016826   0.024714   0.031808   0.037606   0.042108
   0.000000   0.008378   0.016568   0.024266   0.031398   0.037506   0.042212
   0.000000   0.008218   0.016285   0.023935   0.030937   0.037181   0.042215
   0.000000   0.008096   0.015993   0.023597   0.030570   0.036754   0.042001
   0.000000   0.007962   0.015764   0.023221   0.030216   0.036394   0.041644
   0.000000   0.007833   0.015538   0.022904   0.029808   0.036058   0.041301
   0.000000   0.007725   0.015298   0.022623   0.029440   0.035642   0.040944
   0.000000   0.007615   0.015101   0.022325   0.029119   0.035185   0.040454
   0.000000   0.007514   0.014934   0.022058   0.028729   0.034712   0.039920
   0.000000   0.007454   0.014773   0.021793   0.028258   0.034176   0.039536
   0.000000   0.007415   0.014619   0.021431   0.027761   0.033682   0.039322
   0.000000   0.007349   0.014397   0.020986   0.027288   0.033400   0.039178
   0.000000   0.007178   0.014028   0.020563   0.026964   0.033274   0.039032
   0.000000   0.006844   0.013565   0.020234   0.026846   0.033145   0.038843
   0.000000   0.006443   0.013140   0.020019   0.026768   0.033003   0.038649
   0.000000   0.006208   0.012864   0.019827   0.026592   0.032900   0.038522
   0.000000   0.006257   0.012786   0.019582   0.026371   0.032793   0.038391
   0.000000   0.006455   0.012870   0.019422   0.026173   0.032585   0.038137
   0.000000   0.006588   0.013050   0.019517   0.026008   0.032242   0.037786
   0.000000   0.006634   0.013280   0.019767   0.025938   0.031880   0.037368
   0.000000   0.006746   0.013497   0.019963   0.026009   0.031664   0.036840
   0.000000   0.006952   0.013667   0.020093   0.026139   0.031567   0.036311
   0.000000   0.007092   0.013845   0.020260   0.026203   0.031443   0.035932
   0.000000   0.007117   0.014045   0.020455   0.026190   0.031257   0.035608
   0.000000   0.007173   0.014173   0.020571   0.026174   0.031053   0.035232
   0.000000   0.007298   0.014205   0.020555   0.026135   0.030860   0.034942
   0.000000   0.007340   0.014205   0.020451   0.025984   0.030743   0.034829
   0.000000   0.007242   0.014132   0.020306   0.025801   0.030715   0.034730
   0.000000   0.007091   0.013892   0.020141   0.025765   0.030659   0.034480
   0.000000   0.006902   0.013579   0.019997   0.025799   0.030500   0.034069
   0.000000   0.006686   0.013388   0.019889   0.025660   0.030239   0.033579
   0.000000   0.006610   0.013348   0.019741   0.025306   0.029816   0.033093
   0.000000   0.006778   0.013365   0.019488   0.024846   0.029231   0.032577
   0.000000   0.006983   0.013393   0.019187   0.024320   0.028599   0.031909
   0.000000   0.006976   0.013370   0.018936   0.023785   0.027916   0.031096
   0.000000   0.006786   0.013174   0.018708   0.023317   0.027137   0.030280
   0.000000   0.006564   0.012800   0.018351   0.022847   0.026425   0.029518
   0.000000   0.006352   0.012365   0.017755   0.022264   0.025898   0.028800
   0.000000   0.006114   0.011878   0.017028   0.021582   0.025343   0.028171
   0.000000   0.005808   0.011295   0.016338   0.020828   0.024583   0.027631
   0.000000   0.005423   0.010688   0.015647   0.019991   0.023768   0.027085
   0.000000   0.005052   0.010099   0.014827   0.019129   0.023061   0.026511
   0.000000   0.004774   0.009445   0.013938   0.018325   0.022418   0.025950
   0.000000   0.004466   0.008761   0.013147   0.017579   0.021758   0.025354
   0.000000   0.004028   0.008179   0.012501   0.016879   0.021054   0.024618
   0.000000   0.003642   0.007695   0.011956   0.016240   0.020268   0.023720
   0.000000   0.003502   0.007301   0.011457   0.015597   0.019387   0.022751

 Columns 8 through 14:

   0.045500   0.048000   0.049500   0.050000   0.049500   0.048000   0.045500
   0.045500   0.048000   0.049500   0.050000   0.049500   0.048000   0.045500
   0.045500   0.047999   0.049500   0.050000   0.049500   0.047999   0.045500
   0.045504   0.047997   0.049498   0.049999   0.049498   0.047997   0.045504
   0.045535   0.047997   0.049492   0.049994   0.049492   0.047997   0.045535
   0.045632   0.048023   0.049479   0.049973   0.049479   0.048023   0.045632
   0.045791   0.048123   0.049477   0.049930   0.049477   0.048123   0.045791
   0.045890   0.048300   0.049534   0.049910   0.049534   0.048300   0.045890
   0.045777   0.048440   0.049705   0.050040   0.049705   0.048440   0.045777
   0.045459   0.048394   0.049979   0.050438   0.049979   0.048394   0.045459
   0.045093   0.048210   0.050271   0.051006   0.050271   0.048210   0.045093
   0.044772   0.048126   0.050508   0.051428   0.050508   0.048126   0.044772
   0.044500   0.048218   0.050661   0.051519   0.050661   0.048218   0.044500
   0.044339   0.048274   0.050693   0.051451   0.050693   0.048274   0.044339
   0.044289   0.048138   0.050581   0.051414   0.050581   0.048138   0.044289
   0.044176   0.047927   0.050382   0.051296   0.050382   0.047927   0.044176
   0.043924   0.047741   0.050149   0.050965   0.050149   0.047741   0.043924
   0.043686   0.047492   0.049831   0.050563   0.049831   0.047492   0.043686
   0.043500   0.047125   0.049399   0.050199   0.049399   0.047125   0.043500
   0.043223   0.046719   0.048934   0.049738   0.048934   0.046719   0.043223
   0.042879   0.046315   0.048453   0.049138   0.048453   0.046315   0.042879
   0.042601   0.045886   0.047888   0.048542   0.047888   0.045886   0.042601
   0.042301   0.045433   0.047287   0.047954   0.047287   0.045433   0.042301
   0.041817   0.044956   0.046749   0.047316   0.046749   0.044956   0.041817
   0.041176   0.044384   0.046228   0.046765   0.046228   0.044384   0.041176
   0.040464   0.043666   0.045659   0.046358   0.045659   0.043666   0.040464
   0.039749   0.042871   0.045048   0.045869   0.045048   0.042871   0.039749
   0.039165   0.042154   0.044332   0.045112   0.044332   0.042154   0.039165
   0.038781   0.041582   0.043443   0.044113   0.043443   0.041582   0.038781
   0.038462   0.041031   0.042480   0.042965   0.042480   0.041031   0.038462
   0.038076   0.040342   0.041539   0.041850   0.041539   0.040342   0.038076
   0.037629   0.039528   0.040599   0.040929   0.040599   0.039528   0.037629
   0.037122   0.038740   0.039694   0.040080   0.039694   0.038740   0.037122
   0.036533   0.038066   0.038896   0.039149   0.038896   0.038066   0.036533
   0.035919   0.037435   0.038152   0.038292   0.038152   0.037435   0.035919
   0.035347   0.036741   0.037430   0.037653   0.037430   0.036741   0.035347
   0.034774   0.036044   0.036794   0.037083   0.036794   0.036044   0.034774
   0.034132   0.035482   0.036245   0.036472   0.036245   0.035482   0.034132
   0.033447   0.035002   0.035734   0.035926   0.035734   0.035002   0.033447
   0.032751   0.034423   0.035279   0.035534   0.035279   0.034423   0.032751
   0.031998   0.033751   0.034869   0.035246   0.034869   0.033751   0.031998
   0.031192   0.033118   0.034439   0.034930   0.034439   0.033118   0.031192
   0.030499   0.032534   0.033949   0.034468   0.033949   0.032534   0.030499
   0.030046   0.031986   0.033363   0.033844   0.033363   0.031986   0.030046
   0.029716   0.031537   0.032680   0.033098   0.032680   0.031537   0.029716
   0.029296   0.031131   0.032015   0.032284   0.032015   0.031131   0.029296
   0.028729   0.030584   0.031436   0.031600   0.031436   0.030584   0.028729
   0.028064   0.029865   0.030883   0.031197   0.030883   0.029865   0.028064
   0.027306   0.029146   0.030358   0.030863   0.030358   0.029146   0.027306
   0.026474   0.028546   0.029887   0.030348   0.029887   0.028546   0.026474
   0.025664   0.027982   0.029375   0.029773   0.029375   0.027982   0.025664

 Columns 15 through 21:

   0.042000   0.037500   0.032000   0.025500   0.018000   0.009500   0.000000
   0.042000   0.037502   0.032005   0.025496   0.017932   0.009299   0.000000
   0.042005   0.037518   0.032021   0.025429   0.017653   0.008935   0.000000
   0.042031   0.037565   0.031999   0.025172   0.017202   0.008708   0.000000
   0.042108   0.037606   0.031808   0.024714   0.016826   0.008559   0.000000
   0.042212   0.037506   0.031398   0.024266   0.016568   0.008378   0.000000
   0.042215   0.037181   0.030937   0.023935   0.016285   0.008218   0.000000
   0.042001   0.036754   0.030570   0.023597   0.015993   0.008096   0.000000
   0.041644   0.036394   0.030216   0.023221   0.015764   0.007962   0.000000
   0.041301   0.036058   0.029808   0.022904   0.015538   0.007833   0.000000
   0.040944   0.035642   0.029440   0.022623   0.015298   0.007725   0.000000
   0.040454   0.035185   0.029119   0.022325   0.015101   0.007615   0.000000
   0.039920   0.034712   0.028729   0.022058   0.014934   0.007514   0.000000
   0.039536   0.034176   0.028258   0.021793   0.014773   0.007454   0.000000
   0.039322   0.033682   0.027761   0.021431   0.014619   0.007415   0.000000
   0.039178   0.033400   0.027288   0.020986   0.014397   0.007349   0.000000
   0.039032   0.033274   0.026964   0.020563   0.014028   0.007178   0.000000
   0.038843   0.033145   0.026846   0.020234   0.013565   0.006844   0.000000
   0.038649   0.033003   0.026768   0.020019   0.013140   0.006443   0.000000
   0.038522   0.032900   0.026592   0.019827   0.012864   0.006208   0.000000
   0.038391   0.032793   0.026371   0.019582   0.012786   0.006257   0.000000
   0.038137   0.032585   0.026173   0.019422   0.012870   0.006455   0.000000
   0.037786   0.032242   0.026008   0.019517   0.013050   0.006588   0.000000
   0.037368   0.031880   0.025938   0.019767   0.013280   0.006634   0.000000
   0.036840   0.031664   0.026009   0.019963   0.013497   0.006746   0.000000
   0.036311   0.031567   0.026139   0.020093   0.013667   0.006952   0.000000
   0.035932   0.031443   0.026203   0.020260   0.013845   0.007092   0.000000
   0.035608   0.031257   0.026190   0.020455   0.014045   0.007117   0.000000
   0.035232   0.031053   0.026174   0.020571   0.014173   0.007173   0.000000
   0.034942   0.030860   0.026135   0.020555   0.014205   0.007298   0.000000
   0.034829   0.030743   0.025984   0.020451   0.014205   0.007340   0.000000
   0.034730   0.030715   0.025801   0.020306   0.014132   0.007242   0.000000
   0.034480   0.030659   0.025765   0.020141   0.013892   0.007091   0.000000
   0.034069   0.030500   0.025799   0.019997   0.013579   0.006902   0.000000
   0.033579   0.030239   0.025660   0.019889   0.013388   0.006686   0.000000
   0.033093   0.029816   0.025306   0.019741   0.013348   0.006610   0.000000
   0.032577   0.029231   0.024846   0.019488   0.013365   0.006778   0.000000
   0.031909   0.028599   0.024320   0.019187   0.013393   0.006983   0.000000
   0.031096   0.027916   0.023785   0.018936   0.013370   0.006976   0.000000
   0.030280   0.027137   0.023317   0.018708   0.013174   0.006786   0.000000
   0.029518   0.026425   0.022847   0.018351   0.012800   0.006564   0.000000
   0.028800   0.025898   0.022264   0.017755   0.012365   0.006352   0.000000
   0.028171   0.025343   0.021582   0.017028   0.011878   0.006114   0.000000
   0.027631   0.024583   0.020828   0.016338   0.011295   0.005808   0.000000
   0.027085   0.023768   0.019991   0.015647   0.010688   0.005423   0.000000
   0.026511   0.023061   0.019129   0.014827   0.010099   0.005052   0.000000
   0.025950   0.022418   0.018325   0.013938   0.009445   0.004774   0.000000
   0.025354   0.021758   0.017579   0.013147   0.008761   0.004466   0.000000
   0.024618   0.021054   0.016879   0.012501   0.008179   0.004028   0.000000
   0.023720   0.020268   0.016240   0.011956   0.007695   0.003642   0.000000
   0.022751   0.019387   0.015597   0.011457   0.007301   0.003502   0.000000
 Columns 1 through 20:

   0   0   0   0   0   0   0   0   0   0   0   0   0   0   0   0   0   0   0   0
   0   0   0   0   0   0   0   0   0   0   0   0   0   0   0   0   0   0   0   0
   0   0   0   0   0   0   0   0   0   0   0   0   0   0   0   0   0   0   0   0
   0   0   0   0   0   0   0   0   0   0   0   0   0   0   0   0   0   0   0   0
   0   0   0   0   0   0   0   0   0   0   0   0   0   0   0   0   0   0   0   0
   0   0   0   0   0   0   0   0   0   0   0   0   0   0   0   0   0   0   0   0
   0   0   0   0   0   0   0   0   0   0   0   0   0   0   0   0   0   0   0   0
   0   0   0   0   0   0   0   0   0   0   0   0   0   0   0   0   0   0   0   0
   0   0   0   0   0   0   0   0   0   0   0   0   0   0   0   0   0   0   0   0
   0   0   0   0   0   0   0   0   0   0   0   0   0   0   0   0   0   0   0   0
   0   0   0   0   0   0   0   0   0   0   0   0   0   0   0   0   0   0   0   0
   0   0   0   0   0   0   0   0   0   0   0   0   0   0   0   0   0   0   0   0
   0   0   0   0   0   0   0   0   0   0   0   0   0   0   0   0   0   0   0   0
   0   0   0   0   0   0   0   0   0   0   0   0   0   0   0   0   0   0   0   0
   0   0   0   0   0   0   0   0   0   0   0   0   0   0   0   0   0   0   0   0
   0   0   0   0   0   0   0   0   0   0   0   0   0   0   0   0   0   0   0   0
   0   0   0   0   0   0   0   0   0   0   0   0   0   0   0   0   0   0   0   0
   0   0   0   0   0   0   0   0   0   0   0   0   0   0   0   0   0   0   0   0
   0   0   0   0   0   0   0   0   0   0   0   0   0   0   0   0   0   0   0   0
   0   0   0   0   0   0   0   0   0   0   0   0   0   0   0   0   0   0   0   0
   0   0   0   0   0   0   0   0   0   0   0   0   0   0   0   0   0   0   0   0
   0   0   0   0   0   0   0   0   0   0   0   0   0   0   0   0   0   0   0   0
   0   0   0   0   0   0   0   0   0   0   0   0   0   0   0   0   0   0   0   0
   0   0   0   0   0   0   0   0   0   0   0   0   0   0   0   0   0   0   0   0
   0   0   0   0   0   0   0   0   0   0   0   0   0   0   0   0   0   0   0   0
   0   0   0   0   0   0   0   0   0   0   0   0   0   0   0   0   0   0   0   0
   0   0   0   0   0   0   0   0   0   0   0   0   0   0   0   0   0   0   0   0
   0   0   0   0   0   0   0   0   0   0   0   0   0   0   0   0   0   0   0   0
   0   0   0   0   0   0   0   0   0   0   0   0   0   0   0   0   0   0   0   0
   0   0   0   0   0   0   0   0   0   0   0   0   0   0   0   0   0   0   0   0
   0   0   0   0   0   0   0   0   0   0   0   0   0   0   0   0   0   0   0   0
   0   0   0   0   0   0   0   0   0   0   0   0   0   0   0   0   0   0   0   0
   0   0   0   0   0   0   0   0   0   0   0   0   0   0   0   0   0   0   0   0
   0   0   0   0   0   0   0   0   0   0   0   0   0   0   0   0   0   0   0   0
   0   0   0   0   0   0   0   0   0   0   0   0   0   0   0   0   0   0   0   0
   0   0   0   0   0   0   0   0   0   0   0   0   0   0   0   0   0   0   0   0
   0   0   0   0   0   0   0   0   0   0   0   0   0   0   0   0   0   0   0   0
   0   0   0   0   0   0   0   0   0   0   0   0   0   0   0   0   0   0   0   0
   0   0   0   0   0   0   0   0   0   0   0   0   0   0   0   0   0   0   0   0
   0   0   0   0   0   0   0   0   0   0   0   0   0   0   0   0   0   0   0   0
   0   0   0   0   0   0   0   0   0   0   0   0   0   0   0   0   0   0   0   0
   0   0   0   0   0   0   0   0   0   0   0   0   0   0   0   0   0   0   0   0
   0   0   0   0   0   0   0   0   0   0   0   0   0   0   0   0   0   0   0   0
   0   0   0   0   0   0   0   0   0   0   0   0   0   0   0   0   0   0   0   0
   0   0   0   0   0   0   0   0   0   0   0   0   0   0   0   0   0   0   0   0
   0   0   0   0   0   0   0   0   0   0   0   0   0   0   0   0   0   0   0   0
   0   0   0   0   0   0   0   0   0   0   0   0   0   0   0   0   0   0   0   0
   0   0   0   0   0   0   0   0   0   0   0   0   0   0   0   0   0   0   0   0
   0   0   0   0   0   0   0   0   0   0   0   0   0   0   0   0   0   0   0   0
   0   0   0   0   0   0   0   0   0   0   0   0   0   0   0   0   0   0   0   0
   0   0   0   0   0   0   0   0   0   0   0   0   0   0   0   0   0   0   0   0

 Column 21:

   0
   0
   0
   0
   0
   0
   0
   0
   0
   0
   0
   0
   0
   0
   0
   0
   0
   0
   0
   0
   0
   0
   0
   0
   0
   0
   0
   0
   0
   0
   0
   0
   0
   0
   0
   0
   0
   0
   0
   0
   0
   0
   0
   0
   0
   0
   0
   0
   0
   0
   0
E(T) = 
0

