a = 1.000000
l = 1.000000
T = 0.100000

ε =
  1.0000e-016

Параметры сетки:
n = 20
k = 50

hx = 0.050000
ht = 0.002000

Начальное отклонение =
@(x) 0.2 * x * (1 - x)

Начальная скорость =
@(x) 0

 Columns 1 through 20:

   0   0   0   0   0   0   0   0   0   0   0   0   0   0   0   0   0   0   0   0

 Column 21:

   0
 Columns 1 through 7:

   0.000000   0.009500   0.018000   0.025500   0.032000   0.037500   0.042000
   0.000000   0.000000   0.000000   0.000000   0.000000   0.000000   0.000000
   0.000000   0.000000   0.000000   0.000000   0.000000   0.000000   0.000000
   0.000000   0.000000   0.000000   0.000000   0.000000   0.000000   0.000000
   0.000000   0.000000   0.000000   0.000000   0.000000   0.000000   0.000000
   0.000000   0.000000   0.000000   0.000000   0.000000   0.000000   0.000000
   0.000000   0.000000   0.000000   0.000000   0.000000   0.000000   0.000000
   0.000000   0.000000   0.000000   0.000000   0.000000   0.000000   0.000000
   0.000000   0.000000   0.000000   0.000000   0.000000   0.000000   0.000000
   0.000000   0.000000   0.000000   0.000000   0.000000   0.000000   0.000000
   0.000000   0.000000   0.000000   0.000000   0.000000   0.000000   0.000000
   0.000000   0.000000   0.000000   0.000000   0.000000   0.000000   0.000000
   0.000000   0.000000   0.000000   0.000000   0.000000   0.000000   0.000000
   0.000000   0.000000   0.000000   0.000000   0.000000   0.000000   0.000000
   0.000000   0.000000   0.000000   0.000000   0.000000   0.000000   0.000000
   0.000000   0.000000   0.000000   0.000000   0.000000   0.000000   0.000000
   0.000000   0.000000   0.000000   0.000000   0.000000   0.000000   0.000000
   0.000000   0.000000   0.000000   0.000000   0.000000   0.000000   0.000000
   0.000000   0.000000   0.000000   0.000000   0.000000   0.000000   0.000000
   0.000000   0.000000   0.000000   0.000000   0.000000   0.000000   0.000000
   0.000000   0.000000   0.000000   0.000000   0.000000   0.000000   0.000000
   0.000000   0.000000   0.000000   0.000000   0.000000   0.000000   0.000000
   0.000000   0.000000   0.000000   0.000000   0.000000   0.000000   0.000000
   0.000000   0.000000   0.000000   0.000000   0.000000   0.000000   0.000000
   0.000000   0.000000   0.000000   0.000000   0.000000   0.000000   0.000000
   0.000000   0.000000   0.000000   0.000000   0.000000   0.000000   0.000000
   0.000000   0.000000   0.000000   0.000000   0.000000   0.000000   0.000000
   0.000000   0.000000   0.000000   0.000000   0.000000   0.000000   0.000000
   0.000000   0.000000   0.000000   0.000000   0.000000   0.000000   0.000000
   0.000000   0.000000   0.000000   0.000000   0.000000   0.000000   0.000000
   0.000000   0.000000   0.000000   0.000000   0.000000   0.000000   0.000000
   0.000000   0.000000   0.000000   0.000000   0.000000   0.000000   0.000000
   0.000000   0.000000   0.000000   0.000000   0.000000   0.000000   0.000000
   0.000000   0.000000   0.000000   0.000000   0.000000   0.000000   0.000000
   0.000000   0.000000   0.000000   0.000000   0.000000   0.000000   0.000000
   0.000000   0.000000   0.000000   0.000000   0.000000   0.000000   0.000000
   0.000000   0.000000   0.000000   0.000000   0.000000   0.000000   0.000000
   0.000000   0.000000   0.000000   0.000000   0.000000   0.000000   0.000000
   0.000000   0.000000   0.000000   0.000000   0.000000   0.000000   0.000000
   0.000000   0.000000   0.000000   0.000000   0.000000   0.000000   0.000000
   0.000000   0.000000   0.000000   0.000000   0.000000   0.000000   0.000000
   0.000000   0.000000   0.000000   0.000000   0.000000   0.000000   0.000000
   0.000000   0.000000   0.000000   0.000000   0.000000   0.000000   0.000000
   0.000000   0.000000   0.000000   0.000000   0.000000   0.000000   0.000000
   0.000000   0.000000   0.000000   0.000000   0.000000   0.000000   0.000000
   0.000000   0.000000   0.000000   0.000000   0.000000   0.000000   0.000000
   0.000000   0.000000   0.000000   0.000000   0.000000   0.000000   0.000000
   0.000000   0.000000   0.000000   0.000000   0.000000   0.000000   0.000000
   0.000000   0.000000   0.000000   0.000000   0.000000   0.000000   0.000000
   0.000000   0.000000   0.000000   0.000000   0.000000   0.000000   0.000000
   0.000000   0.000000   0.000000   0.000000   0.000000   0.000000   0.000000

 Columns 8 through 14:

   0.045500   0.048000   0.049500   0.050000   0.049500   0.048000   0.045500
   0.000000   0.000000   0.000000   0.000000   0.000000   0.000000   0.000000
   0.000000   0.000000   0.000000   0.000000   0.000000   0.000000   0.000000
   0.000000   0.000000   0.000000   0.000000   0.000000   0.000000   0.000000
   0.000000   0.000000   0.000000   0.000000   0.000000   0.000000   0.000000
   0.000000   0.000000   0.000000   0.000000   0.000000   0.000000   0.000000
   0.000000   0.000000   0.000000   0.000000   0.000000   0.000000   0.000000
   0.000000   0.000000   0.000000   0.000000   0.000000   0.000000   0.000000
   0.000000   0.000000   0.000000   0.000000   0.000000   0.000000   0.000000
   0.000000   0.000000   0.000000   0.000000   0.000000   0.000000   0.000000
   0.000000   0.000000   0.000000   0.000000   0.000000   0.000000   0.000000
   0.000000   0.000000   0.000000   0.000000   0.000000   0.000000   0.000000
   0.000000   0.000000   0.000000   0.000000   0.000000   0.000000   0.000000
   0.000000   0.000000   0.000000   0.000000   0.000000   0.000000   0.000000
   0.000000   0.000000   0.000000   0.000000   0.000000   0.000000   0.000000
   0.000000   0.000000   0.000000   0.000000   0.000000   0.000000   0.000000
   0.000000   0.000000   0.000000   0.000000   0.000000   0.000000   0.000000
   0.000000   0.000000   0.000000   0.000000   0.000000   0.000000   0.000000
   0.000000   0.000000   0.000000   0.000000   0.000000   0.000000   0.000000
   0.000000   0.000000   0.000000   0.000000   0.000000   0.000000   0.000000
   0.000000   0.000000   0.000000   0.000000   0.000000   0.000000   0.000000
   0.000000   0.000000   0.000000   0.000000   0.000000   0.000000   0.000000
   0.000000   0.000000   0.000000   0.000000   0.000000   0.000000   0.000000
   0.000000   0.000000   0.000000   0.000000   0.000000   0.000000   0.000000
   0.000000   0.000000   0.000000   0.000000   0.000000   0.000000   0.000000
   0.000000   0.000000   0.000000   0.000000   0.000000   0.000000   0.000000
   0.000000   0.000000   0.000000   0.000000   0.000000   0.000000   0.000000
   0.000000   0.000000   0.000000   0.000000   0.000000   0.000000   0.000000
   0.000000   0.000000   0.000000   0.000000   0.000000   0.000000   0.000000
   0.000000   0.000000   0.000000   0.000000   0.000000   0.000000   0.000000
   0.000000   0.000000   0.000000   0.000000   0.000000   0.000000   0.000000
   0.000000   0.000000   0.000000   0.000000   0.000000   0.000000   0.000000
   0.000000   0.000000   0.000000   0.000000   0.000000   0.000000   0.000000
   0.000000   0.000000   0.000000   0.000000   0.000000   0.000000   0.000000
   0.000000   0.000000   0.000000   0.000000   0.000000   0.000000   0.000000
   0.000000   0.000000   0.000000   0.000000   0.000000   0.000000   0.000000
   0.000000   0.000000   0.000000   0.000000   0.000000   0.000000   0.000000
   0.000000   0.000000   0.000000   0.000000   0.000000   0.000000   0.000000
   0.000000   0.000000   0.000000   0.000000   0.000000   0.000000   0.000000
   0.000000   0.000000   0.000000   0.000000   0.000000   0.000000   0.000000
   0.000000   0.000000   0.000000   0.000000   0.000000   0.000000   0.000000
   0.000000   0.000000   0.000000   0.000000   0.000000   0.000000   0.000000
   0.000000   0.000000   0.000000   0.000000   0.000000   0.000000   0.000000
   0.000000   0.000000   0.000000   0.000000   0.000000   0.000000   0.000000
   0.000000   0.000000   0.000000   0.000000   0.000000   0.000000   0.000000
   0.000000   0.000000   0.000000   0.000000   0.000000   0.000000   0.000000
   0.000000   0.000000   0.000000   0.000000   0.000000   0.000000   0.000000
   0.000000   0.000000   0.000000   0.000000   0.000000   0.000000   0.000000
   0.000000   0.000000   0.000000   0.000000   0.000000   0.000000   0.000000
   0.000000   0.000000   0.000000   0.000000   0.000000   0.000000   0.000000
   0.000000   0.000000   0.000000   0.000000   0.000000   0.000000   0.000000

 Columns 15 through 21:

   0.042000   0.037500   0.032000   0.025500   0.018000   0.009500   0.000000
   0.000000   0.000000   0.000000   0.000000   0.000000   0.000000   0.000000
   0.000000   0.000000   0.000000   0.000000   0.000000   0.000000   0.000000
   0.000000   0.000000   0.000000   0.000000   0.000000   0.000000   0.000000
   0.000000   0.000000   0.000000   0.000000   0.000000   0.000000   0.000000
   0.000000   0.000000   0.000000   0.000000   0.000000   0.000000   0.000000
   0.000000   0.000000   0.000000   0.000000   0.000000   0.000000   0.000000
   0.000000   0.000000   0.000000   0.000000   0.000000   0.000000   0.000000
   0.000000   0.000000   0.000000   0.000000   0.000000   0.000000   0.000000
   0.000000   0.000000   0.000000   0.000000   0.000000   0.000000   0.000000
   0.000000   0.000000   0.000000   0.000000   0.000000   0.000000   0.000000
   0.000000   0.000000   0.000000   0.000000   0.000000   0.000000   0.000000
   0.000000   0.000000   0.000000   0.000000   0.000000   0.000000   0.000000
   0.000000   0.000000   0.000000   0.000000   0.000000   0.000000   0.000000
   0.000000   0.000000   0.000000   0.000000   0.000000   0.000000   0.000000
   0.000000   0.000000   0.000000   0.000000   0.000000   0.000000   0.000000
   0.000000   0.000000   0.000000   0.000000   0.000000   0.000000   0.000000
   0.000000   0.000000   0.000000   0.000000   0.000000   0.000000   0.000000
   0.000000   0.000000   0.000000   0.000000   0.000000   0.000000   0.000000
   0.000000   0.000000   0.000000   0.000000   0.000000   0.000000   0.000000
   0.000000   0.000000   0.000000   0.000000   0.000000   0.000000   0.000000
   0.000000   0.000000   0.000000   0.000000   0.000000   0.000000   0.000000
   0.000000   0.000000   0.000000   0.000000   0.000000   0.000000   0.000000
   0.000000   0.000000   0.000000   0.000000   0.000000   0.000000   0.000000
   0.000000   0.000000   0.000000   0.000000   0.000000   0.000000   0.000000
   0.000000   0.000000   0.000000   0.000000   0.000000   0.000000   0.000000
   0.000000   0.000000   0.000000   0.000000   0.000000   0.000000   0.000000
   0.000000   0.000000   0.000000   0.000000   0.000000   0.000000   0.000000
   0.000000   0.000000   0.000000   0.000000   0.000000   0.000000   0.000000
   0.000000   0.000000   0.000000   0.000000   0.000000   0.000000   0.000000
   0.000000   0.000000   0.000000   0.000000   0.000000   0.000000   0.000000
   0.000000   0.000000   0.000000   0.000000   0.000000   0.000000   0.000000
   0.000000   0.000000   0.000000   0.000000   0.000000   0.000000   0.000000
   0.000000   0.000000   0.000000   0.000000   0.000000   0.000000   0.000000
   0.000000   0.000000   0.000000   0.000000   0.000000   0.000000   0.000000
   0.000000   0.000000   0.000000   0.000000   0.000000   0.000000   0.000000
   0.000000   0.000000   0.000000   0.000000   0.000000   0.000000   0.000000
   0.000000   0.000000   0.000000   0.000000   0.000000   0.000000   0.000000
   0.000000   0.000000   0.000000   0.000000   0.000000   0.000000   0.000000
   0.000000   0.000000   0.000000   0.000000   0.000000   0.000000   0.000000
   0.000000   0.000000   0.000000   0.000000   0.000000   0.000000   0.000000
   0.000000   0.000000   0.000000   0.000000   0.000000   0.000000   0.000000
   0.000000   0.000000   0.000000   0.000000   0.000000   0.000000   0.000000
   0.000000   0.000000   0.000000   0.000000   0.000000   0.000000   0.000000
   0.000000   0.000000   0.000000   0.000000   0.000000   0.000000   0.000000
   0.000000   0.000000   0.000000   0.000000   0.000000   0.000000   0.000000
   0.000000   0.000000   0.000000   0.000000   0.000000   0.000000   0.000000
   0.000000   0.000000   0.000000   0.000000   0.000000   0.000000   0.000000
   0.000000   0.000000   0.000000   0.000000   0.000000   0.000000   0.000000
   0.000000   0.000000   0.000000   0.000000   0.000000   0.000000   0.000000
   0.000000   0.000000   0.000000   0.000000   0.000000   0.000000   0.000000
 Columns 1 through 7:

   0.000000   0.000000   0.000000   0.000000   0.000000   0.000000   0.000000
   0.000000   0.000666   0.000828   0.000822   0.000805   0.000800   0.000799
   0.000000   0.001019   0.001633   0.001718   0.001647   0.001604   0.001595
   0.000000   0.001191   0.002219   0.002649   0.002589   0.002448   0.002390
   0.000000   0.001394   0.002580   0.003423   0.003612   0.003406   0.003217
   0.000000   0.001586   0.002928   0.003967   0.004541   0.004485   0.004162
   0.000000   0.001722   0.003291   0.004453   0.005254   0.005530   0.005259
   0.000000   0.001863   0.003575   0.004965   0.005872   0.006389   0.006385
   0.000000   0.002007   0.003830   0.005402   0.006515   0.007135   0.007374
   0.000000   0.002122   0.004104   0.005771   0.007104   0.007909   0.008255
   0.000000   0.002234   0.004339   0.006159   0.007611   0.008672   0.009151
   0.000000   0.002346   0.004543   0.006534   0.008148   0.009351   0.009992
   0.000000   0.002435   0.004767   0.006887   0.008715   0.009979   0.010624
   0.000000   0.002527   0.005004   0.007290   0.009209   0.010513   0.011097
   0.000000   0.002665   0.005281   0.007705   0.009591   0.010848   0.011589
   0.000000   0.002869   0.005622   0.008012   0.009831   0.011095   0.012170
   0.000000   0.003121   0.005932   0.008181   0.009943   0.011449   0.012829
   0.000000   0.003302   0.006078   0.008258   0.010104   0.011910   0.013518
   0.000000   0.003250   0.006025   0.008333   0.010435   0.012386   0.014179
   0.000000   0.002970   0.005829   0.008464   0.010824   0.012895   0.014865
   0.000000   0.002683   0.005599   0.008545   0.011154   0.013499   0.015677
   0.000000   0.002589   0.005439   0.008468   0.011436   0.014172   0.016556
   0.000000   0.002655   0.005382   0.008379   0.011675   0.014792   0.017403
   0.000000   0.002700   0.005444   0.008495   0.011870   0.015249   0.018231
   0.000000   0.002693   0.005623   0.008788   0.012119   0.015622   0.018982
   0.000000   0.002786   0.005853   0.009107   0.012522   0.016088   0.019555
   0.000000   0.003017   0.006104   0.009448   0.013050   0.016662   0.020060
   0.000000   0.003228   0.006446   0.009907   0.013598   0.017248   0.020647
   0.000000   0.003372   0.006895   0.010496   0.014155   0.017814   0.021217
   0.000000   0.003598   0.007359   0.011122   0.014786   0.018352   0.021694
   0.000000   0.003944   0.007830   0.011714   0.015437   0.018879   0.022254
   0.000000   0.004275   0.008364   0.012271   0.015978   0.019509   0.023036
   0.000000   0.004532   0.008871   0.012793   0.016502   0.020297   0.023954
   0.000000   0.004738   0.009196   0.013289   0.017234   0.021180   0.024868
   0.000000   0.004821   0.009380   0.013827   0.018152   0.022128   0.025710
   0.000000   0.004763   0.009599   0.014449   0.019051   0.023117   0.026519
   0.000000   0.004789   0.009923   0.015086   0.019863   0.024025   0.027389
   0.000000   0.005094   0.010355   0.015657   0.020593   0.024829   0.028283
   0.000000   0.005557   0.010932   0.016209   0.021221   0.025598   0.029049
   0.000000   0.005949   0.011604   0.016866   0.021824   0.026249   0.029650
   0.000000   0.006240   0.012219   0.017658   0.022507   0.026713   0.030164
   0.000000   0.006506   0.012743   0.018432   0.023224   0.027200   0.030614
   0.000000   0.006782   0.013238   0.019024   0.023890   0.027866   0.031018
   0.000000   0.007050   0.013661   0.019484   0.024500   0.028523   0.031471
   0.000000   0.007242   0.013961   0.019951   0.025021   0.028991   0.031998
   0.000000   0.007308   0.014210   0.020368   0.025395   0.029368   0.032538
   0.000000   0.007351   0.014409   0.020580   0.025661   0.029785   0.033105
   0.000000   0.007460   0.014444   0.020605   0.025879   0.030243   0.033761
   0.000000   0.007480   0.014339   0.020565   0.026061   0.030720   0.034466
   0.000000   0.007266   0.014187   0.020533   0.026245   0.031196   0.035095
   0.000000   0.006983   0.013961   0.020530   0.026487   0.031597   0.035555

 Columns 8 through 14:

   0.000000   0.000000   0.000000   0.000000   0.000000   0.000000   0.000000
   0.000800   0.000800   0.000800   0.000800   0.000800   0.000800   0.000800
   0.001598   0.001600   0.001600   0.001600   0.001600   0.001600   0.001598
   0.002388   0.002396   0.002400   0.002401   0.002400   0.002396   0.002388
   0.003165   0.003180   0.003198   0.003204   0.003198   0.003180   0.003165
   0.003963   0.003940   0.003980   0.004000   0.003980   0.003940   0.003963
   0.004872   0.004705   0.004725   0.004758   0.004725   0.004705   0.004872
   0.005962   0.005567   0.005429   0.005421   0.005429   0.005567   0.005962
   0.007141   0.006596   0.006145   0.005989   0.006145   0.006596   0.007141
   0.008218   0.007696   0.006967   0.006624   0.006967   0.007696   0.008218
   0.009119   0.008659   0.007947   0.007580   0.007947   0.008659   0.009119
   0.009918   0.009470   0.009063   0.008903   0.009063   0.009470   0.009918
   0.010649   0.010369   0.010281   0.010326   0.010281   0.010369   0.010649
   0.011341   0.011486   0.011579   0.011620   0.011579   0.011486   0.011341
   0.012135   0.012655   0.012887   0.012892   0.012887   0.012655   0.012135
   0.013081   0.013735   0.014148   0.014290   0.014148   0.013735   0.013081
   0.014010   0.014817   0.015402   0.015674   0.015402   0.014817   0.014010
   0.014854   0.015967   0.016682   0.016912   0.016682   0.015967   0.014854
   0.015759   0.017095   0.017914   0.018138   0.017914   0.017095   0.015759
   0.016731   0.018148   0.019068   0.019421   0.019068   0.018148   0.016731
   0.017634   0.019180   0.020214   0.020611   0.020214   0.019180   0.017634
   0.018527   0.020212   0.021335   0.021682   0.021335   0.020212   0.018527
   0.019552   0.021235   0.022350   0.022738   0.022350   0.021235   0.019552
   0.020630   0.022284   0.023315   0.023725   0.023315   0.022284   0.020630
   0.021605   0.023368   0.024328   0.024608   0.024328   0.023368   0.021605
   0.022436   0.024398   0.025368   0.025596   0.025368   0.024398   0.022436
   0.023094   0.025260   0.026428   0.026812   0.026428   0.025260   0.023094
   0.023599   0.025962   0.027530   0.028093   0.027530   0.025962   0.023599
   0.024125   0.026663   0.028566   0.029252   0.028566   0.026663   0.024125
   0.024804   0.027488   0.029428   0.030177   0.029428   0.027488   0.024804
   0.025577   0.028363   0.030168   0.030813   0.030168   0.028363   0.025577
   0.026369   0.029121   0.030819   0.031326   0.030819   0.029121   0.026369
   0.027179   0.029718   0.031343   0.031898   0.031343   0.029718   0.027179
   0.027961   0.030266   0.031801   0.032409   0.031801   0.030266   0.027961
   0.028662   0.030867   0.032262   0.032724   0.032262   0.030867   0.028662
   0.029335   0.031469   0.032679   0.033015   0.032679   0.031469   0.029335
   0.030049   0.031959   0.033049   0.033425   0.033049   0.031959   0.030049
   0.030769   0.032402   0.033449   0.033838   0.033449   0.032402   0.030769
   0.031437   0.032966   0.033879   0.034173   0.033879   0.032966   0.031437
   0.032075   0.033621   0.034335   0.034531   0.034335   0.033621   0.032075
   0.032685   0.034202   0.034872   0.035036   0.034872   0.034202   0.032685
   0.033162   0.034699   0.035500   0.035730   0.035500   0.034699   0.033162
   0.033464   0.035190   0.036190   0.036538   0.036190   0.035190   0.033464
   0.033772   0.035663   0.036907   0.037338   0.036907   0.035663   0.033772
   0.034286   0.036159   0.037555   0.038058   0.037555   0.036159   0.034286
   0.034991   0.036810   0.038092   0.038607   0.038092   0.036810   0.034991
   0.035740   0.037592   0.038613   0.038953   0.038613   0.037592   0.035740
   0.036473   0.038306   0.039170   0.039335   0.039170   0.038306   0.036473
   0.037176   0.038870   0.039736   0.039989   0.039736   0.038870   0.037176
   0.037787   0.039414   0.040371   0.040761   0.040371   0.039414   0.037787
   0.038297   0.040078   0.041120   0.041448   0.041120   0.040078   0.038297

 Columns 15 through 21:

   0.000000   0.000000   0.000000   0.000000   0.000000   0.000000   0.000000
   0.000799   0.000800   0.000805   0.000822   0.000828   0.000666   0.000000
   0.001595   0.001604   0.001647   0.001718   0.001633   0.001019   0.000000
   0.002390   0.002448   0.002589   0.002649   0.002219   0.001191   0.000000
   0.003217   0.003406   0.003612   0.003423   0.002580   0.001394   0.000000
   0.004162   0.004485   0.004541   0.003967   0.002928   0.001586   0.000000
   0.005259   0.005530   0.005254   0.004453   0.003291   0.001722   0.000000
   0.006385   0.006389   0.005872   0.004965   0.003575   0.001863   0.000000
   0.007374   0.007135   0.006515   0.005402   0.003830   0.002007   0.000000
   0.008255   0.007909   0.007104   0.005771   0.004104   0.002122   0.000000
   0.009151   0.008672   0.007611   0.006159   0.004339   0.002234   0.000000
   0.009992   0.009351   0.008148   0.006534   0.004543   0.002346   0.000000
   0.010624   0.009979   0.008715   0.006887   0.004767   0.002435   0.000000
   0.011097   0.010513   0.009209   0.007290   0.005004   0.002527   0.000000
   0.011589   0.010848   0.009591   0.007705   0.005281   0.002665   0.000000
   0.012170   0.011095   0.009831   0.008012   0.005622   0.002869   0.000000
   0.012829   0.011449   0.009943   0.008181   0.005932   0.003121   0.000000
   0.013518   0.011910   0.010104   0.008258   0.006078   0.003302   0.000000
   0.014179   0.012386   0.010435   0.008333   0.006025   0.003250   0.000000
   0.014865   0.012895   0.010824   0.008464   0.005829   0.002970   0.000000
   0.015677   0.013499   0.011154   0.008545   0.005599   0.002683   0.000000
   0.016556   0.014172   0.011436   0.008468   0.005439   0.002589   0.000000
   0.017403   0.014792   0.011675   0.008379   0.005382   0.002655   0.000000
   0.018231   0.015249   0.011870   0.008495   0.005444   0.002700   0.000000
   0.018982   0.015622   0.012119   0.008788   0.005623   0.002693   0.000000
   0.019555   0.016088   0.012522   0.009107   0.005853   0.002786   0.000000
   0.020060   0.016662   0.013050   0.009448   0.006104   0.003017   0.000000
   0.020647   0.017248   0.013598   0.009907   0.006446   0.003228   0.000000
   0.021217   0.017814   0.014155   0.010496   0.006895   0.003372   0.000000
   0.021694   0.018352   0.014786   0.011122   0.007359   0.003598   0.000000
   0.022254   0.018879   0.015437   0.011714   0.007830   0.003944   0.000000
   0.023036   0.019509   0.015978   0.012271   0.008364   0.004275   0.000000
   0.023954   0.020297   0.016502   0.012793   0.008871   0.004532   0.000000
   0.024868   0.021180   0.017234   0.013289   0.009196   0.004738   0.000000
   0.025710   0.022128   0.018152   0.013827   0.009380   0.004821   0.000000
   0.026519   0.023117   0.019051   0.014449   0.009599   0.004763   0.000000
   0.027389   0.024025   0.019863   0.015086   0.009923   0.004789   0.000000
   0.028283   0.024829   0.020593   0.015657   0.010355   0.005094   0.000000
   0.029049   0.025598   0.021221   0.016209   0.010932   0.005557   0.000000
   0.029650   0.026249   0.021824   0.016866   0.011604   0.005949   0.000000
   0.030164   0.026713   0.022507   0.017658   0.012219   0.006240   0.000000
   0.030614   0.027200   0.023224   0.018432   0.012743   0.006506   0.000000
   0.031018   0.027866   0.023890   0.019024   0.013238   0.006782   0.000000
   0.031471   0.028523   0.024500   0.019484   0.013661   0.007050   0.000000
   0.031998   0.028991   0.025021   0.019951   0.013961   0.007242   0.000000
   0.032538   0.029368   0.025395   0.020368   0.014210   0.007308   0.000000
   0.033105   0.029785   0.025661   0.020580   0.014409   0.007351   0.000000
   0.033761   0.030243   0.025879   0.020605   0.014444   0.007460   0.000000
   0.034466   0.030720   0.026061   0.020565   0.014339   0.007480   0.000000
   0.035095   0.031196   0.026245   0.020533   0.014187   0.007266   0.000000
   0.035555   0.031597   0.026487   0.020530   0.013961   0.006983   0.000000
