a = 1.000000
l = 1.000000
T = 0.200000

ε =
  1.0000e-016

Параметры сетки:
n = 20
k = 100

hx = 0.050000
ht = 0.002000

Начальное отклонение =
@(x) 0.2 * x * (1 - x)

Начальная скорость =
@(x) 0

Всего демпферов: 4

Демпфер # 1

x_1 = 0.200000

Верхнее предельное значение w_1(t) =
NaN

Нижнее предельное значение w_1(t) =
NaN

Управляющая функция w_1(t):
  -0.1394434
  -0.3298283
  -0.4311049
  -0.3742547
  -0.0049085
   0.2848558
   0.1051667
  -0.0953028
   0.0988900
   0.1568268
  -0.0873795
  -0.0295554
   0.2240006
   0.1952385
   0.1758934
   0.2337771
  -0.0718584
  -0.3786421
  -0.1824414
   0.0107034
  -0.1086932
  -0.0997359
  -0.0361590
  -0.2791063
  -0.5250044
  -0.4352141
  -0.2433182
  -0.2189016
  -0.3081374
  -0.2193639
   0.0290115
  -0.0692646
  -0.4473150
  -0.3498662
   0.1002490
   0.1862902
   0.1764097
   0.4069325
   0.3516754
   0.0809178
   0.2355993
   0.4998460
   0.4744719
   0.5749541
   0.7840288
   0.6687164
   0.5187389
   0.5912425
   0.5362353
   0.3817893
   0.4953266
   0.7620071
   0.8046395
   0.4982290
   0.1420416
   0.1871552
   0.3925059
   0.2542748
   0.1680469
   0.4475449
   0.4101955
   0.0066348
   0.0223811
   0.2241293
   0.0449733
   0.0172136
   0.3817188
   0.5080113
   0.3752508
   0.3447565
   0.2633838
   0.2041804
   0.4886314
   0.8189753
   0.8342230
   0.7395739
   0.7511032
   0.8320822
   0.8404415
   0.7276671
   0.8056115
   1.1458974
   1.1859410
   0.9176357
   0.9582861
   1.0226364
   0.6378650
   0.5154653
   0.9738876
   1.1111207
   0.7549628
   0.6055679
   0.5975184
   0.4287333
   0.3866692
   0.4854939
   0.4614868
   0.4613174
   0.5909457
   0.5077100
   0.1741499

Демпфер # 2

x_2 = 0.400000

Верхнее предельное значение w_2(t) =
NaN

Нижнее предельное значение w_2(t) =
NaN

Управляющая функция w_2(t):
  -0.2224937
  -0.4792506
  -0.5567506
  -0.5464990
  -0.4999330
  -0.5692808
  -0.6775402
  -0.7633079
  -0.6782960
  -0.3202523
  -0.1801484
  -0.5841356
  -0.8015197
  -0.4353308
  -0.2195781
  -0.3934853
  -0.3522883
  -0.0911054
  -0.0663425
  -0.1476496
  -0.0879479
  -0.0041954
  -0.0035510
  -0.0012568
   0.1376277
   0.3905499
   0.4422185
   0.1852882
   0.0116737
   0.1523140
   0.3745413
   0.4759107
   0.3865454
   0.1953149
   0.2294002
   0.4281501
   0.3038407
   0.0164277
   0.1356533
   0.4079826
   0.3244912
   0.1972651
   0.3126927
   0.2652000
  -0.0034386
   0.0246862
   0.3962114
   0.5880693
   0.4025277
   0.1984300
   0.3047842
   0.5345678
   0.5545291
   0.4512229
   0.5253779
   0.7342849
   0.8712281
   0.8832036
   0.7663571
   0.6585809
   0.7909667
   1.0068097
   1.0342815
   1.0585858
   1.1660754
   1.0034288
   0.7293665
   0.9057537
   1.2348702
   1.0866455
   0.7938393
   0.9257866
   1.1703173
   1.0467429
   0.7261828
   0.6335601
   0.8255518
   0.9968170
   0.9613133
   0.8816992
   0.8449429
   0.7311827
   0.6694729
   0.8316121
   0.9791808
   0.9689990
   0.9678085
   0.9521590
   0.9355525
   1.0929780
   1.1620706
   0.9135542
   0.9339057
   1.4255087
   1.5968617
   1.2274350
   1.0372044
   1.2227605
   1.5298421
   1.3538577
   0.5014937

Демпфер # 3

x_3 = 0.600000

Верхнее предельное значение w_3(t) =
NaN

Нижнее предельное значение w_3(t) =
NaN

Управляющая функция w_3(t):
  -2.2201e-001
  -4.7604e-001
  -5.5911e-001
  -5.4462e-001
  -4.9949e-001
  -5.7095e-001
  -6.7725e-001
  -7.6490e-001
  -6.7885e-001
  -3.1950e-001
  -1.8137e-001
  -5.8357e-001
  -8.0071e-001
  -4.3644e-001
  -2.1917e-001
  -3.9452e-001
  -3.5332e-001
  -8.8174e-002
  -6.6559e-002
  -1.4666e-001
  -9.0647e-002
  -2.8028e-003
  -2.2515e-003
  -5.2306e-004
  1.3713e-001
  3.8924e-001
  4.4381e-001
  1.8401e-001
  1.0109e-002
  1.5165e-001
  3.7408e-001
  4.7550e-001
  3.8548e-001
  1.9564e-001
  2.2956e-001
  4.2793e-001
  3.0453e-001
  1.5825e-002
  1.3481e-001
  4.0698e-001
  3.2305e-001
  1.9756e-001
  3.1148e-001
  2.6578e-001
  -3.6093e-003
  2.5726e-002
  3.9627e-001
  5.8856e-001
  4.0155e-001
  1.9752e-001
  3.0348e-001
  5.3435e-001
  5.5258e-001
  4.5108e-001
  5.2584e-001
  7.3394e-001
  8.7160e-001
  8.8266e-001
  7.6442e-001
  6.5807e-001
  7.9123e-001
  1.0057e+000
  1.0336e+000
  1.0582e+000
  1.1650e+000
  1.0016e+000
  7.2970e-001
  9.0575e-001
  1.2350e+000
  1.0872e+000
  7.9350e-001
  9.2642e-001
  1.1703e+000
  1.0459e+000
  7.2756e-001
  6.3522e-001
  8.2589e-001
  9.9775e-001
  9.6060e-001
  8.8179e-001
  8.4411e-001
  7.3117e-001
  6.7010e-001
  8.3170e-001
  9.7802e-001
  9.6885e-001
  9.6766e-001
  9.5217e-001
  9.3533e-001
  1.0931e+000
  1.1613e+000
  9.1417e-001
  9.3304e-001
  1.4263e+000
  1.5981e+000
  1.2275e+000
  1.0372e+000
  1.2232e+000
  1.5299e+000
  1.3537e+000
  5.0205e-001

Демпфер # 4

x_4 = 0.800000

Верхнее предельное значение w_4(t) =
NaN

Нижнее предельное значение w_4(t) =
NaN

Управляющая функция w_4(t):
  -0.1391782
  -0.3253095
  -0.4324721
  -0.3731635
  -0.0079284
   0.2862588
   0.1025398
  -0.0944506
   0.0972493
   0.1552178
  -0.0877974
  -0.0262400
   0.2224235
   0.1934450
   0.1750707
   0.2342181
  -0.0694432
  -0.3769390
  -0.1833104
   0.0093827
  -0.1087021
  -0.0993195
  -0.0368636
  -0.2800571
  -0.5266762
  -0.4349004
  -0.2422985
  -0.2197647
  -0.3096550
  -0.2202864
   0.0283347
  -0.0700838
  -0.4459330
  -0.3492819
   0.1013913
   0.1870589
   0.1771226
   0.4068495
   0.3514298
   0.0801875
   0.2347617
   0.4987087
   0.4728498
   0.5774480
   0.7853911
   0.6700256
   0.5190645
   0.5915828
   0.5353066
   0.3817354
   0.4965839
   0.7593346
   0.8051860
   0.4987362
   0.1422763
   0.1884209
   0.3933034
   0.2537184
   0.1678179
   0.4465735
   0.4108174
   0.0066582
   0.0211821
   0.2232638
   0.0454553
   0.0176227
   0.3814761
   0.5067840
   0.3747067
   0.3447819
   0.2628208
   0.2043231
   0.4884459
   0.8190359
   0.8342237
   0.7398457
   0.7501987
   0.8324701
   0.8400313
   0.7272703
   0.8043599
   1.1458072
   1.1857337
   0.9171994
   0.9588145
   1.0223338
   0.6376272
   0.5144164
   0.9741086
   1.1113328
   0.7558003
   0.6061387
   0.5968381
   0.4286394
   0.3866126
   0.4845802
   0.4623917
   0.4617321
   0.5901885
   0.5071963
   0.1747815

E(T) = 
 0.0046357

