a = 1.000000
l = 1.000000
T = 0.100000

ε =
  1.0000e-016

Параметры сетки:
n = 20
k = 250

hx = 0.050000
ht = 0.000400

Начальное отклонение =
@(x) 0.25 * exp (x) * sin (2 * pi * x)

Начальная скорость =
@(x) 0.0

 Columns 1 through 8:

   0.00000   0.08122   0.16240   0.23499   0.29041   0.32101   0.32095   0.28701
   0.00000   0.08132   0.16240   0.23497   0.29038   0.32105   0.32091   0.28697
   0.00000   0.08163   0.16242   0.23493   0.29033   0.32116   0.32080   0.28683
   0.00000   0.08210   0.16247   0.23486   0.29025   0.32132   0.32063   0.28659
   0.00000   0.08268   0.16260   0.23474   0.29017   0.32146   0.32043   0.28625
   0.00000   0.08333   0.16282   0.23459   0.29011   0.32157   0.32022   0.28582
   0.00000   0.08397   0.16315   0.23442   0.29007   0.32165   0.32001   0.28530
   0.00000   0.08458   0.16360   0.23428   0.29005   0.32173   0.31980   0.28471
   0.00000   0.08512   0.16414   0.23421   0.29004   0.32179   0.31959   0.28405
   0.00000   0.08558   0.16474   0.23424   0.29003   0.32182   0.31937   0.28336
   0.00000   0.08597   0.16537   0.23444   0.29002   0.32180   0.31912   0.28263
   0.00000   0.08628   0.16598   0.23481   0.29002   0.32174   0.31884   0.28189
   0.00000   0.08653   0.16656   0.23536   0.29006   0.32166   0.31852   0.28114
   0.00000   0.08673   0.16709   0.23605   0.29016   0.32154   0.31813   0.28037
   0.00000   0.08691   0.16759   0.23686   0.29038   0.32137   0.31769   0.27956
   0.00000   0.08705   0.16806   0.23774   0.29072   0.32114   0.31718   0.27872
   0.00000   0.08718   0.16854   0.23863   0.29121   0.32086   0.31660   0.27784
   0.00000   0.08729   0.16903   0.23950   0.29184   0.32056   0.31593   0.27689
   0.00000   0.08742   0.16955   0.24034   0.29257   0.32030   0.31517   0.27587
   0.00000   0.08756   0.17010   0.24116   0.29337   0.32016   0.31432   0.27477
   0.00000   0.08774   0.17067   0.24195   0.29418   0.32016   0.31340   0.27359
   0.00000   0.08797   0.17126   0.24274   0.29498   0.32025   0.31245   0.27231
   0.00000   0.08826   0.17185   0.24353   0.29574   0.32043   0.31150   0.27092
   0.00000   0.08861   0.17245   0.24433   0.29646   0.32071   0.31059   0.26942
   0.00000   0.08903   0.17308   0.24514   0.29713   0.32104   0.30976   0.26783
   0.00000   0.08950   0.17373   0.24595   0.29778   0.32132   0.30904   0.26614
   0.00000   0.09000   0.17442   0.24675   0.29842   0.32146   0.30842   0.26440
   0.00000   0.09053   0.17516   0.24753   0.29905   0.32153   0.30787   0.26262
   0.00000   0.09107   0.17596   0.24831   0.29964   0.32158   0.30736   0.26083
   0.00000   0.09162   0.17681   0.24908   0.30020   0.32162   0.30682   0.25906
   0.00000   0.09217   0.17770   0.24986   0.30070   0.32163   0.30622   0.25732
   0.00000   0.09272   0.17863   0.25065   0.30115   0.32167   0.30553   0.25559
   0.00000   0.09328   0.17957   0.25147   0.30156   0.32181   0.30473   0.25386
   0.00000   0.09385   0.18051   0.25230   0.30196   0.32198   0.30383   0.25211
   0.00000   0.09443   0.18144   0.25313   0.30239   0.32208   0.30285   0.25032
   0.00000   0.09502   0.18235   0.25397   0.30286   0.32206   0.30182   0.24850
   0.00000   0.09562   0.18324   0.25481   0.30341   0.32194   0.30074   0.24668
   0.00000   0.09622   0.18410   0.25565   0.30401   0.32172   0.29960   0.24490
   0.00000   0.09681   0.18493   0.25651   0.30466   0.32140   0.29841   0.24321
   0.00000   0.09738   0.18574   0.25739   0.30531   0.32099   0.29717   0.24166
   0.00000   0.09791   0.18653   0.25831   0.30593   0.32053   0.29588   0.24029
   0.00000   0.09840   0.18732   0.25927   0.30649   0.32010   0.29457   0.23910
   0.00000   0.09884   0.18812   0.26025   0.30697   0.31971   0.29330   0.23809
   0.00000   0.09923   0.18893   0.26124   0.30737   0.31928   0.29215   0.23722
   0.00000   0.09958   0.18976   0.26221   0.30768   0.31878   0.29118   0.23641
   0.00000   0.09991   0.19062   0.26313   0.30791   0.31817   0.29043   0.23562
   0.00000   0.10023   0.19149   0.26399   0.30805   0.31748   0.28994   0.23479
   0.00000   0.10057   0.19235   0.26475   0.30810   0.31686   0.28967   0.23385
   0.00000   0.10095   0.19319   0.26541   0.30805   0.31643   0.28957   0.23280
   0.00000   0.10141   0.19399   0.26594   0.30790   0.31618   0.28957   0.23159
   0.00000   0.10193   0.19472   0.26633   0.30770   0.31610   0.28961   0.23022
   0.00000   0.10252   0.19538   0.26656   0.30747   0.31620   0.28961   0.22869
   0.00000   0.10318   0.19595   0.26662   0.30728   0.31645   0.28950   0.22700
   0.00000   0.10386   0.19642   0.26652   0.30717   0.31676   0.28924   0.22519
   0.00000   0.10454   0.19679   0.26629   0.30716   0.31714   0.28878   0.22328
   0.00000   0.10517   0.19704   0.26597   0.30728   0.31756   0.28813   0.22130
   0.00000   0.10570   0.19716   0.26562   0.30754   0.31794   0.28727   0.21928
   0.00000   0.10610   0.19715   0.26531   0.30790   0.31820   0.28624   0.21725
   0.00000   0.10632   0.19701   0.26509   0.30835   0.31833   0.28508   0.21521
   0.00000   0.10631   0.19675   0.26504   0.30883   0.31829   0.28382   0.21316
   0.00000   0.10607   0.19640   0.26516   0.30931   0.31808   0.28250   0.21107
   0.00000   0.10557   0.19597   0.26548   0.30975   0.31774   0.28116   0.20891
   0.00000   0.10484   0.19551   0.26596   0.31012   0.31728   0.27981   0.20666
   0.00000   0.10391   0.19505   0.26656   0.31042   0.31673   0.27845   0.20429
   0.00000   0.10283   0.19461   0.26720   0.31064   0.31611   0.27706   0.20181
   0.00000   0.10168   0.19422   0.26781   0.31081   0.31538   0.27562   0.19922
   0.00000   0.10055   0.19387   0.26833   0.31092   0.31457   0.27407   0.19655
   0.00000   0.09952   0.19355   0.26870   0.31099   0.31374   0.27239   0.19385
   0.00000   0.09870   0.19325   0.26889   0.31100   0.31295   0.27054   0.19113
   0.00000   0.09814   0.19295   0.26888   0.31095   0.31219   0.26852   0.18843
   0.00000   0.09788   0.19264   0.26867   0.31082   0.31142   0.26637   0.18573
   0.00000   0.09794   0.19232   0.26827   0.31060   0.31059   0.26413   0.18303
   0.00000   0.09828   0.19201   0.26770   0.31026   0.30964   0.26187   0.18029
   0.00000   0.09884   0.19175   0.26701   0.30976   0.30855   0.25962   0.17750
   0.00000   0.09954   0.19156   0.26623   0.30907   0.30735   0.25744   0.17465
   0.00000   0.10031   0.19149   0.26541   0.30815   0.30606   0.25532   0.17175
   0.00000   0.10106   0.19157   0.26457   0.30698   0.30468   0.25326   0.16882
   0.00000   0.10172   0.19179   0.26376   0.30557   0.30317   0.25125   0.16591
   0.00000   0.10225   0.19216   0.26300   0.30394   0.30152   0.24924   0.16307
   0.00000   0.10265   0.19262   0.26231   0.30214   0.29968   0.24719   0.16034
   0.00000   0.10292   0.19313   0.26168   0.30021   0.29765   0.24507   0.15775
   0.00000   0.10310   0.19363   0.26112   0.29824   0.29547   0.24286   0.15529
   0.00000   0.10322   0.19405   0.26062   0.29627   0.29313   0.24052   0.15295
   0.00000   0.10333   0.19434   0.26014   0.29437   0.29059   0.23806   0.15071
   0.00000   0.10345   0.19447   0.25967   0.29257   0.28784   0.23546   0.14852
   0.00000   0.10359   0.19443   0.25916   0.29088   0.28495   0.23272   0.14635
   0.00000   0.10374   0.19423   0.25861   0.28930   0.28201   0.22984   0.14419
   0.00000   0.10387   0.19389   0.25796   0.28777   0.27911   0.22681   0.14201
   0.00000   0.10396   0.19346   0.25722   0.28627   0.27629   0.22365   0.13981
   0.00000   0.10398   0.19296   0.25636   0.28476   0.27358   0.22040   0.13759
   0.00000   0.10388   0.19243   0.25538   0.28319   0.27096   0.21712   0.13536
   0.00000   0.10366   0.19188   0.25428   0.28154   0.26842   0.21387   0.13310
   0.00000   0.10331   0.19129   0.25308   0.27978   0.26594   0.21072   0.13083
   0.00000   0.10285   0.19066   0.25179   0.27791   0.26346   0.20774   0.12854
   0.00000   0.10231   0.18993   0.25043   0.27591   0.26095   0.20496   0.12624
   0.00000   0.10170   0.18909   0.24900   0.27379   0.25837   0.20240   0.12397
   0.00000   0.10107   0.18812   0.24750   0.27155   0.25573   0.20004   0.12176
   0.00000   0.10042   0.18699   0.24592   0.26919   0.25310   0.19784   0.11964
   0.00000   0.09977   0.18572   0.24423   0.26674   0.25050   0.19574   0.11765
   0.00000   0.09911   0.18432   0.24239   0.26421   0.24796   0.19369   0.11582
   0.00000   0.09844   0.18282   0.24037   0.26164   0.24548   0.19167   0.11415
   0.00000   0.09773   0.18123   0.23813   0.25903   0.24303   0.18965   0.11261
   0.00000   0.09697   0.17956   0.23569   0.25641   0.24059   0.18765   0.11119
   0.00000   0.09616   0.17780   0.23305   0.25378   0.23817   0.18565   0.10983
   0.00000   0.09528   0.17595   0.23025   0.25111   0.23574   0.18369   0.10851
   0.00000   0.09432   0.17398   0.22735   0.24838   0.23329   0.18177   0.10719
   0.00000   0.09329   0.17187   0.22438   0.24556   0.23086   0.17988   0.10586
   0.00000   0.09217   0.16960   0.22139   0.24264   0.22842   0.17802   0.10455
   0.00000   0.09095   0.16719   0.21839   0.23962   0.22597   0.17618   0.10328
   0.00000   0.08962   0.16464   0.21539   0.23651   0.22351   0.17434   0.10209
   0.00000   0.08817   0.16198   0.21236   0.23334   0.22101   0.17251   0.10100
   0.00000   0.08658   0.15924   0.20928   0.23014   0.21844   0.17068   0.10004
   0.00000   0.08486   0.15644   0.20613   0.22693   0.21578   0.16885   0.09921
   0.00000   0.08303   0.15360   0.20287   0.22375   0.21303   0.16703   0.09850
   0.00000   0.08110   0.15071   0.19952   0.22057   0.21017   0.16525   0.09786
   0.00000   0.07912   0.14776   0.19609   0.21737   0.20724   0.16348   0.09726
   0.00000   0.07712   0.14473   0.19260   0.21412   0.20429   0.16175   0.09666
   0.00000   0.07514   0.14161   0.18906   0.21078   0.20138   0.16003   0.09602
   0.00000   0.07320   0.13840   0.18548   0.20732   0.19856   0.15831   0.09532
   0.00000   0.07131   0.13512   0.18186   0.20376   0.19582   0.15659   0.09453
   0.00000   0.06947   0.13180   0.17816   0.20011   0.19310   0.15486   0.09367
   0.00000   0.06767   0.12846   0.17437   0.19640   0.19037   0.15311   0.09276
   0.00000   0.06590   0.12514   0.17045   0.19266   0.18758   0.15131   0.09182
   0.00000   0.06415   0.12187   0.16642   0.18891   0.18472   0.14947   0.09087
   0.00000   0.06241   0.11865   0.16228   0.18515   0.18179   0.14755   0.08995
   0.00000   0.06068   0.11547   0.15808   0.18137   0.17876   0.14555   0.08908
   0.00000   0.05895   0.11231   0.15387   0.17753   0.17565   0.14346   0.08826
   0.00000   0.05725   0.10915   0.14969   0.17363   0.17249   0.14130   0.08748
   0.00000   0.05556   0.10598   0.14559   0.16964   0.16930   0.13907   0.08674
   0.00000   0.05388   0.10278   0.14159   0.16557   0.16605   0.13681   0.08600
   0.00000   0.05220   0.09958   0.13768   0.16144   0.16274   0.13455   0.08525
   0.00000   0.05052   0.09639   0.13385   0.15728   0.15934   0.13230   0.08448
   0.00000   0.04881   0.09325   0.13006   0.15313   0.15586   0.13008   0.08369
   0.00000   0.04708   0.09018   0.12629   0.14902   0.15230   0.12788   0.08289
   0.00000   0.04532   0.08719   0.12251   0.14496   0.14871   0.12568   0.08209
   0.00000   0.04356   0.08428   0.11873   0.14095   0.14510   0.12346   0.08131
   0.00000   0.04182   0.08144   0.11494   0.13699   0.14148   0.12120   0.08056
   0.00000   0.04012   0.07863   0.11118   0.13306   0.13792   0.11888   0.07983
   0.00000   0.03848   0.07583   0.10745   0.12915   0.13443   0.11650   0.07912
   0.00000   0.03693   0.07303   0.10379   0.12525   0.13102   0.11410   0.07839
   0.00000   0.03548   0.07021   0.10018   0.12136   0.12766   0.11168   0.07763
   0.00000   0.03410   0.06740   0.09662   0.11751   0.12433   0.10929   0.07680
   0.00000   0.03278   0.06461   0.09310   0.11371   0.12101   0.10695   0.07590
   0.00000   0.03151   0.06188   0.08960   0.10997   0.11768   0.10467   0.07493
   0.00000   0.03024   0.05923   0.08613   0.10630   0.11434   0.10243   0.07389
   0.00000   0.02897   0.05667   0.08268   0.10269   0.11103   0.10023   0.07281
   0.00000   0.02767   0.05420   0.07926   0.09913   0.10778   0.09803   0.07172
   0.00000   0.02636   0.05182   0.07591   0.09559   0.10461   0.09581   0.07064
   0.00000   0.02504   0.04951   0.07263   0.09209   0.10153   0.09356   0.06958
   0.00000   0.02373   0.04723   0.06946   0.08861   0.09854   0.09129   0.06853
   0.00000   0.02243   0.04498   0.06639   0.08518   0.09562   0.08902   0.06747
   0.00000   0.02117   0.04273   0.06343   0.08183   0.09275   0.08676   0.06639
   0.00000   0.01995   0.04050   0.06057   0.07858   0.08990   0.08456   0.06527
   0.00000   0.01877   0.03827   0.05778   0.07547   0.08707   0.08241   0.06410
   0.00000   0.01763   0.03608   0.05506   0.07251   0.08428   0.08033   0.06287
   0.00000   0.01651   0.03393   0.05239   0.06969   0.08154   0.07829   0.06161
   0.00000   0.01542   0.03184   0.04978   0.06701   0.07888   0.07629   0.06033
   0.00000   0.01434   0.02982   0.04723   0.06444   0.07631   0.07429   0.05904
   0.00000   0.01327   0.02787   0.04476   0.06196   0.07385   0.07228   0.05777
   0.00000   0.01221   0.02600   0.04238   0.05955   0.07149   0.07026   0.05653
   0.00000   0.01116   0.02420   0.04011   0.05718   0.06922   0.06824   0.05531
   0.00000   0.01014   0.02247   0.03795   0.05487   0.06704   0.06623   0.05411
   0.00000   0.00915   0.02081   0.03590   0.05261   0.06493   0.06428   0.05291
   0.00000   0.00820   0.01922   0.03396   0.05042   0.06287   0.06240   0.05170
   0.00000   0.00730   0.01770   0.03211   0.04831   0.06081   0.06062   0.05047
   0.00000   0.00645   0.01627   0.03035   0.04628   0.05876   0.05895   0.04919
   0.00000   0.00567   0.01492   0.02866   0.04435   0.05675   0.05737   0.04788
   0.00000   0.00495   0.01366   0.02704   0.04249   0.05481   0.05586   0.04651
   0.00000   0.00431   0.01248   0.02549   0.04072   0.05295   0.05440   0.04510
   0.00000   0.00374   0.01140   0.02400   0.03901   0.05118   0.05294   0.04363
   0.00000   0.00324   0.01042   0.02259   0.03736   0.04948   0.05146   0.04209
   0.00000   0.00282   0.00951   0.02124   0.03577   0.04785   0.04991   0.04049
   0.00000   0.00247   0.00870   0.01998   0.03424   0.04629   0.04829   0.03883
   0.00000   0.00218   0.00797   0.01879   0.03278   0.04478   0.04656   0.03712
   0.00000   0.00194   0.00733   0.01769   0.03140   0.04327   0.04474   0.03537
   0.00000   0.00176   0.00676   0.01668   0.03010   0.04176   0.04282   0.03363
   0.00000   0.00161   0.00628   0.01577   0.02890   0.04021   0.04082   0.03191
   0.00000   0.00150   0.00587   0.01497   0.02778   0.03861   0.03874   0.03025
   0.00000   0.00142   0.00553   0.01429   0.02673   0.03693   0.03661   0.02869
   0.00000   0.00135   0.00527   0.01373   0.02575   0.03519   0.03448   0.02723
   0.00000   0.00130   0.00509   0.01330   0.02480   0.03339   0.03236   0.02589
   0.00000   0.00127   0.00498   0.01301   0.02386   0.03155   0.03030   0.02464
   0.00000   0.00125   0.00496   0.01282   0.02293   0.02968   0.02834   0.02348
   0.00000   0.00125   0.00503   0.01273   0.02197   0.02779   0.02649   0.02236
   0.00000   0.00128   0.00520   0.01270   0.02098   0.02591   0.02477   0.02126
   0.00000   0.00136   0.00546   0.01271   0.01996   0.02407   0.02319   0.02016
   0.00000   0.00150   0.00581   0.01271   0.01890   0.02230   0.02172   0.01905
   0.00000   0.00171   0.00624   0.01269   0.01783   0.02063   0.02035   0.01792
   0.00000   0.00202   0.00672   0.01261   0.01675   0.01908   0.01904   0.01677
   0.00000   0.00243   0.00725   0.01246   0.01568   0.01766   0.01777   0.01562
   0.00000   0.00295   0.00778   0.01223   0.01465   0.01637   0.01651   0.01447
   0.00000   0.00358   0.00830   0.01193   0.01368   0.01519   0.01525   0.01333
   0.00000   0.00429   0.00878   0.01157   0.01277   0.01410   0.01400   0.01222
   0.00000   0.00505   0.00922   0.01117   0.01195   0.01309   0.01275   0.01112
   0.00000   0.00581   0.00959   0.01075   0.01121   0.01212   0.01152   0.01003
   0.00000   0.00655   0.00990   0.01036   0.01055   0.01119   0.01033   0.00896
   0.00000   0.00719   0.01015   0.01001   0.00996   0.01028   0.00920   0.00788
   0.00000   0.00770   0.01035   0.00974   0.00942   0.00941   0.00812   0.00680
   0.00000   0.00804   0.01051   0.00955   0.00893   0.00858   0.00710   0.00573
   0.00000   0.00818   0.01062   0.00946   0.00847   0.00779   0.00613   0.00465
   0.00000   0.00813   0.01069   0.00946   0.00805   0.00707   0.00521   0.00358
   0.00000   0.00789   0.01071   0.00953   0.00768   0.00641   0.00432   0.00251
   0.00000   0.00750   0.01067   0.00966   0.00738   0.00580   0.00346   0.00146
   0.00000   0.00700   0.01056   0.00980   0.00717   0.00525   0.00262   0.00043
   0.00000   0.00643   0.01037   0.00995   0.00705   0.00473   0.00179  -0.00057
   0.00000   0.00584   0.01009   0.01006   0.00705   0.00426   0.00096  -0.00153
   0.00000   0.00528   0.00970   0.01013   0.00714   0.00383   0.00013  -0.00246
   0.00000   0.00477   0.00922   0.01014   0.00731   0.00345  -0.00070  -0.00332
   0.00000   0.00433   0.00867   0.01007   0.00753   0.00313  -0.00151  -0.00412
   0.00000   0.00397   0.00807   0.00992   0.00776   0.00288  -0.00231  -0.00485
   0.00000   0.00367   0.00746   0.00970   0.00796   0.00269  -0.00305  -0.00551
   0.00000   0.00341   0.00686   0.00940   0.00810   0.00254  -0.00372  -0.00609
   0.00000   0.00318   0.00631   0.00904   0.00814   0.00242  -0.00427  -0.00660
   0.00000   0.00296   0.00583   0.00863   0.00805   0.00230  -0.00470  -0.00703
   0.00000   0.00274   0.00544   0.00818   0.00781   0.00218  -0.00498  -0.00739
   0.00000   0.00251   0.00512   0.00770   0.00743   0.00205  -0.00510  -0.00768
   0.00000   0.00230   0.00487   0.00721   0.00691   0.00190  -0.00507  -0.00788
   0.00000   0.00210   0.00467   0.00671   0.00627   0.00173  -0.00492  -0.00799
   0.00000   0.00195   0.00449   0.00620   0.00554   0.00153  -0.00466  -0.00799
   0.00000   0.00184   0.00432   0.00567   0.00475   0.00132  -0.00435  -0.00787
   0.00000   0.00179   0.00413   0.00512   0.00395   0.00107  -0.00400  -0.00762
   0.00000   0.00180   0.00392   0.00454   0.00317   0.00080  -0.00365  -0.00724
   0.00000   0.00187   0.00367   0.00392   0.00244   0.00052  -0.00333  -0.00674
   0.00000   0.00197   0.00339   0.00327   0.00178   0.00024  -0.00304  -0.00613
   0.00000   0.00208   0.00308   0.00259   0.00119  -0.00004  -0.00278  -0.00544
   0.00000   0.00217   0.00275   0.00190   0.00067  -0.00030  -0.00255  -0.00471
   0.00000   0.00222   0.00239   0.00122   0.00021  -0.00053  -0.00233  -0.00398
   0.00000   0.00220   0.00201   0.00057  -0.00022  -0.00073  -0.00211  -0.00327
   0.00000   0.00209   0.00161  -0.00001  -0.00062  -0.00090  -0.00187  -0.00261
   0.00000   0.00189   0.00120  -0.00053  -0.00102  -0.00104  -0.00160  -0.00200
   0.00000   0.00157   0.00076  -0.00097  -0.00141  -0.00115  -0.00131  -0.00145
   0.00000   0.00117   0.00030  -0.00135  -0.00178  -0.00124  -0.00101  -0.00093
   0.00000   0.00068  -0.00017  -0.00166  -0.00213  -0.00131  -0.00070  -0.00043
   0.00000   0.00013  -0.00067  -0.00194  -0.00243  -0.00136  -0.00041   0.00008
   0.00000  -0.00046  -0.00118  -0.00221  -0.00267  -0.00140  -0.00013   0.00062
   0.00000  -0.00105  -0.00172  -0.00248  -0.00284  -0.00142   0.00012   0.00118
   0.00000  -0.00162  -0.00229  -0.00277  -0.00293  -0.00142   0.00036   0.00178
   0.00000  -0.00215  -0.00287  -0.00310  -0.00296  -0.00139   0.00059   0.00240
   0.00000  -0.00262  -0.00348  -0.00345  -0.00293  -0.00135   0.00082   0.00301
   0.00000  -0.00302  -0.00410  -0.00382  -0.00288  -0.00128   0.00107   0.00360
   0.00000  -0.00337  -0.00471  -0.00422  -0.00283  -0.00119   0.00136   0.00415
   0.00000  -0.00365  -0.00530  -0.00462  -0.00282  -0.00108   0.00168   0.00465
   0.00000  -0.00390  -0.00586  -0.00502  -0.00286  -0.00094   0.00204   0.00511
   0.00000  -0.00411  -0.00635  -0.00542  -0.00297  -0.00078   0.00244   0.00553
   0.00000  -0.00431  -0.00677  -0.00582  -0.00316  -0.00062   0.00285   0.00592
   0.00000  -0.00450  -0.00711  -0.00621  -0.00342  -0.00046   0.00328   0.00631
   0.00000  -0.00468  -0.00737  -0.00660  -0.00373  -0.00030   0.00371   0.00668
   0.00000  -0.00485  -0.00756  -0.00699  -0.00409  -0.00016   0.00412   0.00706
   0.00000  -0.00499  -0.00770  -0.00736  -0.00446  -0.00005   0.00452   0.00743
   0.00000  -0.00509  -0.00780  -0.00773  -0.00483   0.00001   0.00490   0.00779
   0.00000  -0.00515  -0.00790  -0.00806  -0.00517   0.00004   0.00524   0.00813

 Columns 9 through 16:

   0.21922   0.12116   0.00000  -0.13390  -0.26775  -0.38743  -0.47880  -0.52925
   0.21917   0.12112  -0.00003  -0.13392  -0.26775  -0.38741  -0.47876  -0.52909
   0.21904   0.12100  -0.00012  -0.13397  -0.26775  -0.38735  -0.47863  -0.52866
   0.21881   0.12079  -0.00028  -0.13406  -0.26775  -0.38727  -0.47839  -0.52807
   0.21848   0.12051  -0.00050  -0.13418  -0.26776  -0.38715  -0.47802  -0.52746
   0.21806   0.12014  -0.00078  -0.13433  -0.26777  -0.38699  -0.47751  -0.52681
   0.21754   0.11969  -0.00112  -0.13452  -0.26779  -0.38678  -0.47689  -0.52613
   0.21691   0.11916  -0.00152  -0.13474  -0.26782  -0.38651  -0.47617  -0.52541
   0.21617   0.11854  -0.00198  -0.13501  -0.26786  -0.38615  -0.47539  -0.52460
   0.21533   0.11783  -0.00250  -0.13532  -0.26790  -0.38571  -0.47457  -0.52371
   0.21438   0.11703  -0.00308  -0.13567  -0.26793  -0.38518  -0.47372  -0.52279
   0.21334   0.11612  -0.00373  -0.13607  -0.26794  -0.38458  -0.47286  -0.52191
   0.21222   0.11511  -0.00445  -0.13652  -0.26790  -0.38392  -0.47200  -0.52107
   0.21104   0.11400  -0.00525  -0.13700  -0.26782  -0.38322  -0.47115  -0.52023
   0.20982   0.11277  -0.00615  -0.13751  -0.26767  -0.38250  -0.47034  -0.51942
   0.20856   0.11145  -0.00716  -0.13803  -0.26746  -0.38179  -0.46959  -0.51864
   0.20729   0.11003  -0.00827  -0.13855  -0.26719  -0.38110  -0.46893  -0.51781
   0.20600   0.10852  -0.00951  -0.13906  -0.26689  -0.38045  -0.46838  -0.51681
   0.20469   0.10694  -0.01084  -0.13955  -0.26655  -0.37986  -0.46795  -0.51550
   0.20334   0.10529  -0.01227  -0.14003  -0.26620  -0.37937  -0.46763  -0.51384
   0.20195   0.10358  -0.01376  -0.14050  -0.26587  -0.37902  -0.46734  -0.51186
   0.20049   0.10183  -0.01528  -0.14097  -0.26558  -0.37882  -0.46703  -0.50955
   0.19893   0.10004  -0.01679  -0.14146  -0.26538  -0.37880  -0.46660  -0.50696
   0.19727   0.09822  -0.01827  -0.14198  -0.26532  -0.37894  -0.46597  -0.50420
   0.19546   0.09638  -0.01968  -0.14254  -0.26546  -0.37921  -0.46508  -0.50127
   0.19351   0.09453  -0.02100  -0.14317  -0.26583  -0.37956  -0.46390  -0.49822
   0.19139   0.09268  -0.02223  -0.14389  -0.26648  -0.37991  -0.46243  -0.49513
   0.18912   0.09082  -0.02337  -0.14471  -0.26742  -0.38019  -0.46070  -0.49199
   0.18672   0.08897  -0.02444  -0.14568  -0.26863  -0.38034  -0.45876  -0.48880
   0.18421   0.08712  -0.02547  -0.14682  -0.27007  -0.38032  -0.45668  -0.48558
   0.18166   0.08527  -0.02650  -0.14817  -0.27166  -0.38012  -0.45451  -0.48234
   0.17913   0.08342  -0.02761  -0.14973  -0.27330  -0.37975  -0.45230  -0.47902
   0.17668   0.08156  -0.02885  -0.15152  -0.27490  -0.37927  -0.45009  -0.47555
   0.17438   0.07969  -0.03031  -0.15352  -0.27638  -0.37871  -0.44789  -0.47193
   0.17225   0.07781  -0.03206  -0.15567  -0.27767  -0.37814  -0.44569  -0.46822
   0.17033   0.07591  -0.03415  -0.15795  -0.27875  -0.37757  -0.44347  -0.46447
   0.16861   0.07397  -0.03661  -0.16028  -0.27963  -0.37703  -0.44122  -0.46066
   0.16706   0.07197  -0.03944  -0.16262  -0.28036  -0.37648  -0.43893  -0.45678
   0.16563   0.06988  -0.04258  -0.16495  -0.28098  -0.37591  -0.43661  -0.45284
   0.16428   0.06765  -0.04596  -0.16724  -0.28155  -0.37526  -0.43424  -0.44886
   0.16293   0.06524  -0.04947  -0.16950  -0.28214  -0.37450  -0.43182  -0.44492
   0.16154   0.06263  -0.05301  -0.17178  -0.28277  -0.37360  -0.42935  -0.44102
   0.16005   0.05979  -0.05649  -0.17409  -0.28346  -0.37256  -0.42681  -0.43715
   0.15841   0.05673  -0.05985  -0.17646  -0.28421  -0.37138  -0.42419  -0.43330
   0.15661   0.05351  -0.06307  -0.17890  -0.28501  -0.37008  -0.42149  -0.42950
   0.15460   0.05018  -0.06616  -0.18139  -0.28585  -0.36871  -0.41868  -0.42575
   0.15237   0.04680  -0.06916  -0.18391  -0.28669  -0.36731  -0.41578  -0.42202
   0.14992   0.04345  -0.07214  -0.18641  -0.28754  -0.36591  -0.41278  -0.41827
   0.14728   0.04017  -0.07516  -0.18887  -0.28836  -0.36453  -0.40971  -0.41449
   0.14449   0.03697  -0.07823  -0.19123  -0.28915  -0.36320  -0.40660  -0.41066
   0.14159   0.03384  -0.08138  -0.19350  -0.28988  -0.36191  -0.40347  -0.40676
   0.13865   0.03073  -0.08457  -0.19566  -0.29055  -0.36066  -0.40036  -0.40281
   0.13573   0.02760  -0.08777  -0.19774  -0.29115  -0.35945  -0.39729  -0.39883
   0.13285   0.02439  -0.09094  -0.19975  -0.29167  -0.35824  -0.39429  -0.39484
   0.13005   0.02109  -0.09404  -0.20171  -0.29210  -0.35703  -0.39136  -0.39085
   0.12730   0.01769  -0.09704  -0.20363  -0.29246  -0.35580  -0.38852  -0.38694
   0.12458   0.01422  -0.09996  -0.20549  -0.29275  -0.35453  -0.38575  -0.38316
   0.12183   0.01074  -0.10280  -0.20729  -0.29299  -0.35322  -0.38304  -0.37951
   0.11903   0.00730  -0.10560  -0.20901  -0.29318  -0.35186  -0.38039  -0.37598
   0.11614   0.00396  -0.10837  -0.21065  -0.29333  -0.35045  -0.37778  -0.37263
   0.11316   0.00073  -0.11112  -0.21220  -0.29343  -0.34900  -0.37521  -0.36949
   0.11010  -0.00239  -0.11384  -0.21366  -0.29348  -0.34752  -0.37268  -0.36655
   0.10700  -0.00539  -0.11650  -0.21506  -0.29346  -0.34603  -0.37021  -0.36377
   0.10389  -0.00833  -0.11907  -0.21641  -0.29336  -0.34453  -0.36780  -0.36112
   0.10080  -0.01123  -0.12151  -0.21771  -0.29318  -0.34302  -0.36549  -0.35854
   0.09776  -0.01411  -0.12381  -0.21896  -0.29292  -0.34153  -0.36328  -0.35603
   0.09477  -0.01698  -0.12598  -0.22015  -0.29260  -0.34005  -0.36117  -0.35360
   0.09182  -0.01984  -0.12801  -0.22124  -0.29222  -0.33859  -0.35916  -0.35121
   0.08888  -0.02265  -0.12993  -0.22221  -0.29182  -0.33718  -0.35723  -0.34884
   0.08595  -0.02539  -0.13178  -0.22303  -0.29140  -0.33582  -0.35537  -0.34649
   0.08302  -0.02804  -0.13356  -0.22368  -0.29097  -0.33452  -0.35355  -0.34421
   0.08008  -0.03059  -0.13527  -0.22416  -0.29054  -0.33330  -0.35175  -0.34201
   0.07716  -0.03304  -0.13690  -0.22451  -0.29010  -0.33216  -0.34996  -0.33992
   0.07426  -0.03541  -0.13842  -0.22475  -0.28964  -0.33109  -0.34820  -0.33794
   0.07140  -0.03769  -0.13981  -0.22491  -0.28915  -0.33008  -0.34648  -0.33598
   0.06859  -0.03990  -0.14105  -0.22504  -0.28863  -0.32909  -0.34483  -0.33398
   0.06581  -0.04204  -0.14212  -0.22515  -0.28809  -0.32811  -0.34324  -0.33193
   0.06306  -0.04409  -0.14303  -0.22525  -0.28752  -0.32712  -0.34171  -0.32987
   0.06034  -0.04603  -0.14381  -0.22534  -0.28694  -0.32611  -0.34022  -0.32790
   0.05763  -0.04787  -0.14449  -0.22539  -0.28637  -0.32507  -0.33874  -0.32606
   0.05497  -0.04958  -0.14510  -0.22540  -0.28580  -0.32399  -0.33725  -0.32433
   0.05239  -0.05118  -0.14567  -0.22536  -0.28524  -0.32287  -0.33574  -0.32271
   0.04993  -0.05268  -0.14622  -0.22525  -0.28468  -0.32173  -0.33421  -0.32122
   0.04766  -0.05409  -0.14676  -0.22508  -0.28411  -0.32054  -0.33266  -0.31984
   0.04561  -0.05544  -0.14728  -0.22487  -0.28349  -0.31934  -0.33113  -0.31852
   0.04383  -0.05672  -0.14780  -0.22464  -0.28281  -0.31810  -0.32963  -0.31715
   0.04231  -0.05793  -0.14831  -0.22440  -0.28204  -0.31685  -0.32819  -0.31575
   0.04104  -0.05904  -0.14881  -0.22417  -0.28119  -0.31560  -0.32680  -0.31433
   0.03995  -0.06002  -0.14931  -0.22394  -0.28024  -0.31433  -0.32547  -0.31289
   0.03900  -0.06082  -0.14980  -0.22372  -0.27922  -0.31307  -0.32418  -0.31139
   0.03811  -0.06143  -0.15026  -0.22349  -0.27814  -0.31181  -0.32292  -0.30982
   0.03723  -0.06183  -0.15067  -0.22325  -0.27704  -0.31055  -0.32164  -0.30824
   0.03632  -0.06206  -0.15098  -0.22298  -0.27596  -0.30929  -0.32031  -0.30668
   0.03534  -0.06213  -0.15116  -0.22267  -0.27493  -0.30802  -0.31892  -0.30513
   0.03429  -0.06212  -0.15115  -0.22232  -0.27398  -0.30673  -0.31743  -0.30361
   0.03317  -0.06207  -0.15093  -0.22191  -0.27311  -0.30543  -0.31585  -0.30215
   0.03197  -0.06203  -0.15046  -0.22143  -0.27235  -0.30411  -0.31418  -0.30071
   0.03071  -0.06204  -0.14976  -0.22086  -0.27167  -0.30278  -0.31244  -0.29928
   0.02940  -0.06212  -0.14887  -0.22017  -0.27104  -0.30143  -0.31066  -0.29786
   0.02806  -0.06226  -0.14783  -0.21937  -0.27043  -0.30009  -0.30886  -0.29646
   0.02673  -0.06245  -0.14672  -0.21842  -0.26978  -0.29877  -0.30709  -0.29507
   0.02544  -0.06266  -0.14561  -0.21733  -0.26904  -0.29748  -0.30536  -0.29370
   0.02422  -0.06288  -0.14457  -0.21610  -0.26814  -0.29624  -0.30373  -0.29234
   0.02313  -0.06308  -0.14363  -0.21475  -0.26705  -0.29503  -0.30220  -0.29096
   0.02219  -0.06324  -0.14284  -0.21330  -0.26574  -0.29385  -0.30081  -0.28957
   0.02143  -0.06336  -0.14218  -0.21178  -0.26418  -0.29267  -0.29955  -0.28820
   0.02085  -0.06344  -0.14164  -0.21023  -0.26240  -0.29146  -0.29842  -0.28690
   0.02042  -0.06347  -0.14118  -0.20868  -0.26043  -0.29019  -0.29741  -0.28566
   0.02012  -0.06345  -0.14076  -0.20714  -0.25832  -0.28881  -0.29648  -0.28453
   0.01990  -0.06338  -0.14033  -0.20563  -0.25612  -0.28730  -0.29560  -0.28356
   0.01972  -0.06326  -0.13985  -0.20416  -0.25389  -0.28564  -0.29474  -0.28274
   0.01954  -0.06308  -0.13928  -0.20271  -0.25169  -0.28382  -0.29386  -0.28207
   0.01935  -0.06284  -0.13859  -0.20127  -0.24956  -0.28187  -0.29291  -0.28152
   0.01914  -0.06255  -0.13776  -0.19985  -0.24752  -0.27981  -0.29186  -0.28103
   0.01892  -0.06220  -0.13681  -0.19842  -0.24558  -0.27770  -0.29070  -0.28054
   0.01872  -0.06180  -0.13572  -0.19696  -0.24372  -0.27559  -0.28939  -0.28002
   0.01857  -0.06133  -0.13453  -0.19547  -0.24194  -0.27352  -0.28793  -0.27940
   0.01848  -0.06078  -0.13325  -0.19394  -0.24020  -0.27154  -0.28633  -0.27868
   0.01847  -0.06015  -0.13192  -0.19235  -0.23849  -0.26966  -0.28462  -0.27785
   0.01855  -0.05941  -0.13054  -0.19070  -0.23680  -0.26789  -0.28282  -0.27690
   0.01871  -0.05855  -0.12913  -0.18900  -0.23512  -0.26620  -0.28099  -0.27584
   0.01893  -0.05757  -0.12769  -0.18726  -0.23343  -0.26457  -0.27917  -0.27470
   0.01920  -0.05646  -0.12622  -0.18549  -0.23174  -0.26297  -0.27741  -0.27345
   0.01949  -0.05525  -0.12469  -0.18370  -0.23005  -0.26137  -0.27574  -0.27205
   0.01981  -0.05394  -0.12309  -0.18191  -0.22834  -0.25975  -0.27417  -0.27054
   0.02015  -0.05258  -0.12140  -0.18014  -0.22662  -0.25812  -0.27267  -0.26895
   0.02052  -0.05117  -0.11961  -0.17838  -0.22488  -0.25646  -0.27122  -0.26738
   0.02092  -0.04974  -0.11772  -0.17661  -0.22312  -0.25480  -0.26977  -0.26585
   0.02137  -0.04830  -0.11576  -0.17483  -0.22135  -0.25315  -0.26830  -0.26438
   0.02187  -0.04685  -0.11375  -0.17299  -0.21957  -0.25151  -0.26678  -0.26294
   0.02243  -0.04538  -0.11171  -0.17108  -0.21779  -0.24988  -0.26521  -0.26156
   0.02305  -0.04389  -0.10968  -0.16908  -0.21601  -0.24825  -0.26360  -0.26020
   0.02369  -0.04236  -0.10766  -0.16698  -0.21423  -0.24661  -0.26197  -0.25880
   0.02436  -0.04079  -0.10566  -0.16480  -0.21243  -0.24496  -0.26032  -0.25734
   0.02503  -0.03919  -0.10367  -0.16257  -0.21059  -0.24328  -0.25868  -0.25583
   0.02569  -0.03757  -0.10166  -0.16031  -0.20869  -0.24158  -0.25705  -0.25426
   0.02632  -0.03593  -0.09962  -0.15807  -0.20671  -0.23985  -0.25543  -0.25265
   0.02693  -0.03429  -0.09753  -0.15584  -0.20463  -0.23809  -0.25383  -0.25097
   0.02752  -0.03267  -0.09538  -0.15365  -0.20248  -0.23629  -0.25222  -0.24921
   0.02810  -0.03107  -0.09318  -0.15146  -0.20025  -0.23444  -0.25060  -0.24738
   0.02867  -0.02949  -0.09096  -0.14926  -0.19799  -0.23254  -0.24893  -0.24548
   0.02924  -0.02792  -0.08873  -0.14702  -0.19570  -0.23058  -0.24721  -0.24351
   0.02979  -0.02636  -0.08652  -0.14470  -0.19342  -0.22856  -0.24539  -0.24147
   0.03032  -0.02480  -0.08435  -0.14231  -0.19115  -0.22648  -0.24345  -0.23941
   0.03080  -0.02325  -0.08222  -0.13984  -0.18889  -0.22435  -0.24136  -0.23731
   0.03122  -0.02170  -0.08010  -0.13731  -0.18663  -0.22215  -0.23911  -0.23519
   0.03156  -0.02017  -0.07798  -0.13477  -0.18433  -0.21990  -0.23670  -0.23306
   0.03183  -0.01868  -0.07585  -0.13224  -0.18199  -0.21756  -0.23414  -0.23096
   0.03202  -0.01726  -0.07367  -0.12974  -0.17957  -0.21511  -0.23146  -0.22894
   0.03214  -0.01590  -0.07146  -0.12730  -0.17708  -0.21253  -0.22869  -0.22700
   0.03220  -0.01463  -0.06924  -0.12491  -0.17450  -0.20979  -0.22589  -0.22512
   0.03223  -0.01342  -0.06702  -0.12254  -0.17184  -0.20687  -0.22310  -0.22328
   0.03222  -0.01228  -0.06486  -0.12016  -0.16909  -0.20377  -0.22037  -0.22145
   0.03218  -0.01120  -0.06279  -0.11776  -0.16623  -0.20051  -0.21771  -0.21963
   0.03211  -0.01015  -0.06085  -0.11530  -0.16324  -0.19713  -0.21511  -0.21778
   0.03201  -0.00915  -0.05904  -0.11278  -0.16012  -0.19369  -0.21257  -0.21589
   0.03187  -0.00821  -0.05737  -0.11018  -0.15683  -0.19025  -0.21005  -0.21392
   0.03169  -0.00734  -0.05581  -0.10752  -0.15337  -0.18685  -0.20751  -0.21185
   0.03147  -0.00657  -0.05432  -0.10478  -0.14977  -0.18352  -0.20494  -0.20970
   0.03119  -0.00592  -0.05286  -0.10199  -0.14605  -0.18027  -0.20231  -0.20746
   0.03086  -0.00542  -0.05139  -0.09913  -0.14227  -0.17707  -0.19961  -0.20513
   0.03046  -0.00506  -0.04989  -0.09620  -0.13850  -0.17390  -0.19684  -0.20269
   0.02999  -0.00483  -0.04833  -0.09321  -0.13479  -0.17070  -0.19401  -0.20013
   0.02943  -0.00471  -0.04670  -0.09016  -0.13119  -0.16745  -0.19112  -0.19745
   0.02876  -0.00464  -0.04502  -0.08708  -0.12772  -0.16412  -0.18814  -0.19469
   0.02796  -0.00459  -0.04328  -0.08399  -0.12439  -0.16072  -0.18508  -0.19189
   0.02704  -0.00451  -0.04149  -0.08094  -0.12115  -0.15726  -0.18190  -0.18906
   0.02601  -0.00438  -0.03967  -0.07796  -0.11798  -0.15377  -0.17860  -0.18618
   0.02488  -0.00417  -0.03784  -0.07511  -0.11484  -0.15026  -0.17518  -0.18327
   0.02370  -0.00389  -0.03601  -0.07239  -0.11168  -0.14675  -0.17166  -0.18031
   0.02252  -0.00353  -0.03421  -0.06982  -0.10850  -0.14324  -0.16805  -0.17730
   0.02139  -0.00312  -0.03246  -0.06737  -0.10529  -0.13972  -0.16441  -0.17418
   0.02034  -0.00267  -0.03080  -0.06502  -0.10208  -0.13618  -0.16074  -0.17093
   0.01942  -0.00222  -0.02924  -0.06274  -0.09889  -0.13259  -0.15709  -0.16756
   0.01865  -0.00177  -0.02781  -0.06050  -0.09574  -0.12896  -0.15344  -0.16408
   0.01801  -0.00134  -0.02651  -0.05827  -0.09264  -0.12529  -0.14979  -0.16055
   0.01749  -0.00095  -0.02532  -0.05606  -0.08959  -0.12160  -0.14610  -0.15701
   0.01706  -0.00059  -0.02423  -0.05386  -0.08658  -0.11791  -0.14235  -0.15350
   0.01667  -0.00028  -0.02322  -0.05171  -0.08360  -0.11424  -0.13854  -0.15004
   0.01629   0.00000  -0.02225  -0.04962  -0.08063  -0.11060  -0.13466  -0.14664
   0.01589   0.00024  -0.02130  -0.04761  -0.07767  -0.10700  -0.13072  -0.14328
   0.01544   0.00045  -0.02035  -0.04569  -0.07472  -0.10341  -0.12678  -0.13995
   0.01494   0.00062  -0.01939  -0.04384  -0.07180  -0.09982  -0.12287  -0.13663
   0.01438   0.00076  -0.01843  -0.04206  -0.06891  -0.09621  -0.11902  -0.13330
   0.01378   0.00088  -0.01746  -0.04032  -0.06608  -0.09259  -0.11528  -0.12995
   0.01314   0.00097  -0.01652  -0.03859  -0.06331  -0.08896  -0.11164  -0.12658
   0.01248   0.00104  -0.01560  -0.03686  -0.06059  -0.08535  -0.10811  -0.12321
   0.01179   0.00108  -0.01473  -0.03511  -0.05791  -0.08182  -0.10465  -0.11986
   0.01110   0.00110  -0.01389  -0.03334  -0.05526  -0.07839  -0.10124  -0.11652
   0.01040   0.00108  -0.01309  -0.03156  -0.05261  -0.07511  -0.09786  -0.11322
   0.00969   0.00104  -0.01232  -0.02976  -0.04997  -0.07198  -0.09451  -0.10996
   0.00897   0.00095  -0.01157  -0.02795  -0.04734  -0.06902  -0.09119  -0.10674
   0.00825   0.00083  -0.01082  -0.02613  -0.04474  -0.06618  -0.08791  -0.10357
   0.00751   0.00068  -0.01007  -0.02432  -0.04219  -0.06344  -0.08471  -0.10043
   0.00676   0.00050  -0.00930  -0.02252  -0.03972  -0.06076  -0.08162  -0.09732
   0.00599   0.00030  -0.00852  -0.02074  -0.03735  -0.05811  -0.07866  -0.09424
   0.00520   0.00010  -0.00772  -0.01899  -0.03508  -0.05548  -0.07581  -0.09118
   0.00440  -0.00009  -0.00691  -0.01729  -0.03290  -0.05286  -0.07309  -0.08816
   0.00357  -0.00026  -0.00608  -0.01565  -0.03081  -0.05028  -0.07045  -0.08521
   0.00274  -0.00039  -0.00525  -0.01409  -0.02878  -0.04776  -0.06786  -0.08236
   0.00189  -0.00048  -0.00444  -0.01262  -0.02679  -0.04533  -0.06530  -0.07961
   0.00106  -0.00052  -0.00364  -0.01123  -0.02483  -0.04300  -0.06276  -0.07696
   0.00025  -0.00053  -0.00288  -0.00992  -0.02292  -0.04078  -0.06024  -0.07437
  -0.00052  -0.00051  -0.00217  -0.00867  -0.02107  -0.03865  -0.05774  -0.07182
  -0.00123  -0.00048  -0.00151  -0.00746  -0.01929  -0.03659  -0.05530  -0.06929
  -0.00187  -0.00044  -0.00090  -0.00629  -0.01760  -0.03459  -0.05292  -0.06678
  -0.00242  -0.00042  -0.00035  -0.00516  -0.01601  -0.03263  -0.05063  -0.06429
  -0.00289  -0.00043   0.00016  -0.00406  -0.01453  -0.03070  -0.04841  -0.06184
  -0.00330  -0.00045   0.00063  -0.00302  -0.01314  -0.02882  -0.04627  -0.05943
  -0.00364  -0.00050   0.00107  -0.00204  -0.01182  -0.02700  -0.04421  -0.05710
  -0.00394  -0.00055   0.00147  -0.00114  -0.01055  -0.02525  -0.04220  -0.05484
  -0.00421  -0.00061   0.00185  -0.00034  -0.00933  -0.02359  -0.04024  -0.05266
  -0.00448  -0.00064   0.00219   0.00037  -0.00815  -0.02203  -0.03835  -0.05055
  -0.00474  -0.00066   0.00250   0.00100  -0.00700  -0.02055  -0.03652  -0.04848
  -0.00500  -0.00065   0.00275   0.00156  -0.00592  -0.01916  -0.03476  -0.04643
  -0.00526  -0.00062   0.00296   0.00206  -0.00491  -0.01785  -0.03307  -0.04439
  -0.00551  -0.00060   0.00312   0.00251  -0.00399  -0.01659  -0.03147  -0.04236
  -0.00573  -0.00059   0.00324   0.00293  -0.00317  -0.01540  -0.02993  -0.04035
  -0.00590  -0.00061   0.00333   0.00331  -0.00246  -0.01428  -0.02844  -0.03837
  -0.00602  -0.00068   0.00340   0.00366  -0.00185  -0.01323  -0.02700  -0.03644
  -0.00606  -0.00080   0.00345   0.00395  -0.00133  -0.01226  -0.02558  -0.03455
  -0.00602  -0.00097   0.00348   0.00420  -0.00089  -0.01138  -0.02418  -0.03272
  -0.00589  -0.00117   0.00348   0.00438  -0.00052  -0.01059  -0.02280  -0.03093
  -0.00568  -0.00138   0.00344   0.00449  -0.00022  -0.00987  -0.02145  -0.02915
  -0.00537  -0.00156   0.00334   0.00453   0.00003  -0.00923  -0.02013  -0.02739
  -0.00497  -0.00169   0.00318   0.00450   0.00022  -0.00864  -0.01886  -0.02565
  -0.00447  -0.00173   0.00293   0.00439   0.00036  -0.00809  -0.01765  -0.02392
  -0.00389  -0.00169   0.00261   0.00419   0.00043  -0.00757  -0.01650  -0.02224
  -0.00324  -0.00154   0.00224   0.00390   0.00045  -0.00707  -0.01540  -0.02062
  -0.00252  -0.00129   0.00184   0.00350   0.00042  -0.00659  -0.01436  -0.01906
  -0.00176  -0.00095   0.00144   0.00301   0.00032  -0.00613  -0.01336  -0.01759
  -0.00098  -0.00054   0.00106   0.00241   0.00015  -0.00569  -0.01241  -0.01618
  -0.00020  -0.00008   0.00073   0.00173  -0.00008  -0.00528  -0.01150  -0.01483
   0.00056   0.00042   0.00046   0.00100  -0.00038  -0.00491  -0.01062  -0.01353
   0.00129   0.00093   0.00026   0.00023  -0.00077  -0.00459  -0.00976  -0.01226
   0.00197   0.00143   0.00012  -0.00053  -0.00124  -0.00434  -0.00893  -0.01101
   0.00262   0.00191   0.00004  -0.00126  -0.00179  -0.00416  -0.00811  -0.00980
   0.00323   0.00236  -0.00001  -0.00191  -0.00242  -0.00408  -0.00731  -0.00864
   0.00382   0.00277  -0.00002  -0.00248  -0.00309  -0.00409  -0.00653  -0.00755
   0.00439   0.00312  -0.00003  -0.00295  -0.00380  -0.00421  -0.00580  -0.00653
   0.00494   0.00343  -0.00002  -0.00334  -0.00450  -0.00441  -0.00513  -0.00559
   0.00548   0.00369  -0.00001  -0.00365  -0.00518  -0.00469  -0.00455  -0.00473
   0.00599   0.00393  -0.00001  -0.00391  -0.00580  -0.00504  -0.00411  -0.00393
   0.00645   0.00414  -0.00000  -0.00413  -0.00634  -0.00542  -0.00383  -0.00319
   0.00684   0.00434  -0.00000  -0.00434  -0.00679  -0.00583  -0.00371  -0.00248
   0.00717   0.00453  -0.00000  -0.00453  -0.00715  -0.00624  -0.00375  -0.00183
   0.00742   0.00471  -0.00000  -0.00471  -0.00742  -0.00665  -0.00393  -0.00123
   0.00761   0.00488  -0.00000  -0.00488  -0.00761  -0.00704  -0.00421  -0.00073
   0.00775   0.00502  -0.00000  -0.00502  -0.00775  -0.00743  -0.00455  -0.00035
   0.00785   0.00512  -0.00000  -0.00512  -0.00785  -0.00779  -0.00491  -0.00012
   0.00795   0.00517  -0.00000  -0.00518  -0.00795  -0.00813  -0.00525  -0.00004

 Columns 17 through 21:

  -0.52915  -0.47320  -0.36143  -0.19976  -0.00000
  -0.52908  -0.47313  -0.36135  -0.19943   0.00000
  -0.52886  -0.47292  -0.36108  -0.19848   0.00000
  -0.52848  -0.47258  -0.36055  -0.19701   0.00000
  -0.52791  -0.47212  -0.35968  -0.19514   0.00000
  -0.52717  -0.47152  -0.35839  -0.19304   0.00000
  -0.52630  -0.47075  -0.35661  -0.19085   0.00000
  -0.52533  -0.46972  -0.35435  -0.18869   0.00000
  -0.52430  -0.46833  -0.35164  -0.18662   0.00000
  -0.52323  -0.46651  -0.34857  -0.18467   0.00000
  -0.52211  -0.46418  -0.34525  -0.18283   0.00000
  -0.52089  -0.46132  -0.34178  -0.18105   0.00000
  -0.51948  -0.45796  -0.33824  -0.17929   0.00000
  -0.51779  -0.45416  -0.33470  -0.17750   0.00000
  -0.51572  -0.45004  -0.33117  -0.17564   0.00000
  -0.51321  -0.44572  -0.32763  -0.17369   0.00000
  -0.51021  -0.44131  -0.32406  -0.17165   0.00000
  -0.50678  -0.43688  -0.32042  -0.16952   0.00000
  -0.50298  -0.43247  -0.31669  -0.16733   0.00000
  -0.49890  -0.42808  -0.31286  -0.16507   0.00000
  -0.49466  -0.42368  -0.30895  -0.16276   0.00000
  -0.49037  -0.41922  -0.30497  -0.16041   0.00000
  -0.48608  -0.41467  -0.30095  -0.15803   0.00000
  -0.48185  -0.40999  -0.29690  -0.15562   0.00000
  -0.47769  -0.40521  -0.29282  -0.15319   0.00000
  -0.47356  -0.40033  -0.28872  -0.15077   0.00000
  -0.46945  -0.39541  -0.28458  -0.14837   0.00000
  -0.46529  -0.39049  -0.28040  -0.14599   0.00000
  -0.46106  -0.38561  -0.27617  -0.14364   0.00000
  -0.45675  -0.38080  -0.27192  -0.14131   0.00000
  -0.45235  -0.37606  -0.26768  -0.13899   0.00000
  -0.44788  -0.37138  -0.26348  -0.13666   0.00000
  -0.44337  -0.36674  -0.25937  -0.13431   0.00000
  -0.43885  -0.36212  -0.25537  -0.13195   0.00000
  -0.43432  -0.35751  -0.25150  -0.12958   0.00000
  -0.42978  -0.35291  -0.24776  -0.12723   0.00000
  -0.42524  -0.34834  -0.24412  -0.12493   0.00000
  -0.42067  -0.34382  -0.24056  -0.12272   0.00000
  -0.41608  -0.33935  -0.23706  -0.12062   0.00000
  -0.41145  -0.33496  -0.23360  -0.11868   0.00000
  -0.40680  -0.33064  -0.23019  -0.11688   0.00000
  -0.40213  -0.32638  -0.22683  -0.11523   0.00000
  -0.39748  -0.32215  -0.22356  -0.11369   0.00000
  -0.39288  -0.31793  -0.22040  -0.11225   0.00000
  -0.38836  -0.31372  -0.21738  -0.11087   0.00000
  -0.38393  -0.30952  -0.21450  -0.10954   0.00000
  -0.37961  -0.30536  -0.21175  -0.10822   0.00000
  -0.37540  -0.30128  -0.20911  -0.10692   0.00000
  -0.37128  -0.29733  -0.20654  -0.10563   0.00000
  -0.36726  -0.29356  -0.20400  -0.10436   0.00000
  -0.36330  -0.29000  -0.20148  -0.10311   0.00000
  -0.35940  -0.28668  -0.19897  -0.10186   0.00000
  -0.35556  -0.28358  -0.19649  -0.10061   0.00000
  -0.35179  -0.28065  -0.19407  -0.09935   0.00000
  -0.34809  -0.27787  -0.19175  -0.09806   0.00000
  -0.34447  -0.27517  -0.18955  -0.09674   0.00000
  -0.34094  -0.27250  -0.18749  -0.09541   0.00000
  -0.33751  -0.26985  -0.18558  -0.09409   0.00000
  -0.33417  -0.26719  -0.18379  -0.09283   0.00000
  -0.33092  -0.26454  -0.18207  -0.09166   0.00000
  -0.32776  -0.26189  -0.18040  -0.09063   0.00000
  -0.32469  -0.25927  -0.17872  -0.08976   0.00000
  -0.32171  -0.25670  -0.17703  -0.08906   0.00000
  -0.31884  -0.25417  -0.17533  -0.08851   0.00000
  -0.31610  -0.25170  -0.17362  -0.08808   0.00000
  -0.31349  -0.24928  -0.17195  -0.08770   0.00000
  -0.31101  -0.24692  -0.17034  -0.08733   0.00000
  -0.30864  -0.24464  -0.16884  -0.08690   0.00000
  -0.30636  -0.24247  -0.16744  -0.08638   0.00000
  -0.30414  -0.24042  -0.16615  -0.08575   0.00000
  -0.30196  -0.23854  -0.16495  -0.08501   0.00000
  -0.29980  -0.23684  -0.16382  -0.08417   0.00000
  -0.29768  -0.23532  -0.16272  -0.08327   0.00000
  -0.29561  -0.23396  -0.16163  -0.08236   0.00000
  -0.29365  -0.23272  -0.16055  -0.08146   0.00000
  -0.29183  -0.23156  -0.15946  -0.08061   0.00000
  -0.29019  -0.23044  -0.15837  -0.07985   0.00000
  -0.28871  -0.22931  -0.15730  -0.07918   0.00000
  -0.28736  -0.22817  -0.15627  -0.07861   0.00000
  -0.28611  -0.22700  -0.15530  -0.07814   0.00000
  -0.28490  -0.22583  -0.15439  -0.07775   0.00000
  -0.28368  -0.22465  -0.15356  -0.07744   0.00000
  -0.28241  -0.22350  -0.15281  -0.07720   0.00000
  -0.28109  -0.22238  -0.15215  -0.07700   0.00000
  -0.27970  -0.22131  -0.15158  -0.07683   0.00000
  -0.27828  -0.22028  -0.15110  -0.07668   0.00000
  -0.27684  -0.21931  -0.15069  -0.07656   0.00000
  -0.27540  -0.21839  -0.15034  -0.07645   0.00000
  -0.27400  -0.21751  -0.15004  -0.07636   0.00000
  -0.27265  -0.21669  -0.14978  -0.07629   0.00000
  -0.27136  -0.21591  -0.14953  -0.07625   0.00000
  -0.27013  -0.21518  -0.14928  -0.07623   0.00000
  -0.26895  -0.21451  -0.14903  -0.07623   0.00000
  -0.26781  -0.21388  -0.14878  -0.07624   0.00000
  -0.26671  -0.21330  -0.14853  -0.07625   0.00000
  -0.26565  -0.21275  -0.14829  -0.07625   0.00000
  -0.26463  -0.21222  -0.14806  -0.07623   0.00000
  -0.26366  -0.21171  -0.14785  -0.07618   0.00000
  -0.26272  -0.21121  -0.14767  -0.07611   0.00000
  -0.26183  -0.21071  -0.14749  -0.07600   0.00000
  -0.26097  -0.21023  -0.14732  -0.07588   0.00000
  -0.26013  -0.20977  -0.14713  -0.07574   0.00000
  -0.25932  -0.20933  -0.14693  -0.07561   0.00000
  -0.25850  -0.20892  -0.14669  -0.07549   0.00000
  -0.25767  -0.20853  -0.14644  -0.07537   0.00000
  -0.25683  -0.20814  -0.14617  -0.07526   0.00000
  -0.25595  -0.20775  -0.14589  -0.07516   0.00000
  -0.25504  -0.20732  -0.14562  -0.07506   0.00000
  -0.25409  -0.20684  -0.14537  -0.07496   0.00000
  -0.25313  -0.20630  -0.14514  -0.07485   0.00000
  -0.25216  -0.20567  -0.14492  -0.07474   0.00000
  -0.25122  -0.20497  -0.14470  -0.07464   0.00000
  -0.25034  -0.20420  -0.14446  -0.07456   0.00000
  -0.24955  -0.20337  -0.14416  -0.07450   0.00000
  -0.24886  -0.20253  -0.14379  -0.07445   0.00000
  -0.24829  -0.20169  -0.14332  -0.07441   0.00000
  -0.24782  -0.20091  -0.14277  -0.07436   0.00000
  -0.24745  -0.20020  -0.14213  -0.07426   0.00000
  -0.24713  -0.19959  -0.14143  -0.07409   0.00000
  -0.24684  -0.19911  -0.14071  -0.07381   0.00000
  -0.24654  -0.19874  -0.14000  -0.07340   0.00000
  -0.24618  -0.19849  -0.13934  -0.07284   0.00000
  -0.24576  -0.19833  -0.13876  -0.07216   0.00000
  -0.24525  -0.19823  -0.13826  -0.07137   0.00000
  -0.24462  -0.19816  -0.13786  -0.07054   0.00000
  -0.24387  -0.19809  -0.13753  -0.06972   0.00000
  -0.24299  -0.19797  -0.13725  -0.06899   0.00000
  -0.24198  -0.19778  -0.13702  -0.06841   0.00000
  -0.24087  -0.19745  -0.13680  -0.06804   0.00000
  -0.23968  -0.19697  -0.13659  -0.06790   0.00000
  -0.23845  -0.19629  -0.13639  -0.06802   0.00000
  -0.23719  -0.19542  -0.13620  -0.06836   0.00000
  -0.23591  -0.19436  -0.13603  -0.06889   0.00000
  -0.23461  -0.19315  -0.13588  -0.06955   0.00000
  -0.23325  -0.19184  -0.13575  -0.07028   0.00000
  -0.23181  -0.19051  -0.13564  -0.07101   0.00000
  -0.23027  -0.18921  -0.13554  -0.07166   0.00000
  -0.22859  -0.18800  -0.13544  -0.07218   0.00000
  -0.22680  -0.18691  -0.13532  -0.07252   0.00000
  -0.22491  -0.18595  -0.13518  -0.07266   0.00000
  -0.22297  -0.18510  -0.13500  -0.07258   0.00000
  -0.22106  -0.18434  -0.13476  -0.07230   0.00000
  -0.21921  -0.18361  -0.13443  -0.07185   0.00000
  -0.21750  -0.18287  -0.13401  -0.07128   0.00000
  -0.21595  -0.18209  -0.13346  -0.07062   0.00000
  -0.21457  -0.18124  -0.13276  -0.06992   0.00000
  -0.21336  -0.18031  -0.13190  -0.06922   0.00000
  -0.21226  -0.17930  -0.13087  -0.06856   0.00000
  -0.21122  -0.17822  -0.12969  -0.06792   0.00000
  -0.21019  -0.17708  -0.12839  -0.06730   0.00000
  -0.20911  -0.17587  -0.12702  -0.06668   0.00000
  -0.20795  -0.17459  -0.12562  -0.06604   0.00000
  -0.20666  -0.17325  -0.12423  -0.06533   0.00000
  -0.20523  -0.17184  -0.12290  -0.06455   0.00000
  -0.20364  -0.17036  -0.12164  -0.06370   0.00000
  -0.20190  -0.16882  -0.12045  -0.06280   0.00000
  -0.20003  -0.16722  -0.11930  -0.06187   0.00000
  -0.19802  -0.16558  -0.11817  -0.06096   0.00000
  -0.19592  -0.16389  -0.11701  -0.06010   0.00000
  -0.19373  -0.16217  -0.11581  -0.05934   0.00000
  -0.19149  -0.16040  -0.11455  -0.05868   0.00000
  -0.18923  -0.15858  -0.11322  -0.05813   0.00000
  -0.18695  -0.15670  -0.11186  -0.05767   0.00000
  -0.18466  -0.15475  -0.11048  -0.05727   0.00000
  -0.18235  -0.15273  -0.10911  -0.05689   0.00000
  -0.18000  -0.15066  -0.10777  -0.05649   0.00000
  -0.17758  -0.14856  -0.10649  -0.05604   0.00000
  -0.17507  -0.14646  -0.10525  -0.05553   0.00000
  -0.17248  -0.14437  -0.10404  -0.05494   0.00000
  -0.16980  -0.14232  -0.10284  -0.05427   0.00000
  -0.16705  -0.14033  -0.10164  -0.05355   0.00000
  -0.16426  -0.13838  -0.10040  -0.05279   0.00000
  -0.16147  -0.13646  -0.09911  -0.05201   0.00000
  -0.15870  -0.13456  -0.09777  -0.05123   0.00000
  -0.15596  -0.13265  -0.09637  -0.05045   0.00000
  -0.15325  -0.13072  -0.09493  -0.04969   0.00000
  -0.15056  -0.12874  -0.09346  -0.04894   0.00000
  -0.14788  -0.12670  -0.09197  -0.04820   0.00000
  -0.14517  -0.12460  -0.09048  -0.04747   0.00000
  -0.14243  -0.12244  -0.08899  -0.04673   0.00000
  -0.13964  -0.12022  -0.08751  -0.04599   0.00000
  -0.13680  -0.11794  -0.08603  -0.04525   0.00000
  -0.13391  -0.11563  -0.08455  -0.04451   0.00000
  -0.13097  -0.11329  -0.08305  -0.04377   0.00000
  -0.12799  -0.11093  -0.08152  -0.04303   0.00000
  -0.12498  -0.10856  -0.07997  -0.04228   0.00000
  -0.12195  -0.10617  -0.07837  -0.04154   0.00000
  -0.11890  -0.10377  -0.07675  -0.04078   0.00000
  -0.11585  -0.10135  -0.07509  -0.04001   0.00000
  -0.11279  -0.09892  -0.07341  -0.03921   0.00000
  -0.10975  -0.09645  -0.07171  -0.03838   0.00000
  -0.10673  -0.09395  -0.06999  -0.03751   0.00000
  -0.10374  -0.09143  -0.06825  -0.03660   0.00000
  -0.10079  -0.08889  -0.06648  -0.03566   0.00000
  -0.09787  -0.08634  -0.06467  -0.03468   0.00000
  -0.09498  -0.08379  -0.06282  -0.03368   0.00000
  -0.09210  -0.08126  -0.06091  -0.03265   0.00000
  -0.08924  -0.07874  -0.05896  -0.03160   0.00000
  -0.08638  -0.07623  -0.05697  -0.03053   0.00000
  -0.08353  -0.07373  -0.05495  -0.02943   0.00000
  -0.08069  -0.07122  -0.05291  -0.02830   0.00000
  -0.07787  -0.06869  -0.05087  -0.02715   0.00000
  -0.07510  -0.06613  -0.04883  -0.02597   0.00000
  -0.07238  -0.06354  -0.04681  -0.02478   0.00000
  -0.06973  -0.06092  -0.04478  -0.02358   0.00000
  -0.06714  -0.05830  -0.04274  -0.02239   0.00000
  -0.06459  -0.05568  -0.04068  -0.02122   0.00000
  -0.06207  -0.05311  -0.03860  -0.02007   0.00000
  -0.05956  -0.05058  -0.03650  -0.01894   0.00000
  -0.05705  -0.04812  -0.03438  -0.01783   0.00000
  -0.05454  -0.04570  -0.03228  -0.01672   0.00000
  -0.05205  -0.04332  -0.03022  -0.01561   0.00000
  -0.04959  -0.04097  -0.02821  -0.01449   0.00000
  -0.04717  -0.03863  -0.02628  -0.01336   0.00000
  -0.04482  -0.03629  -0.02442  -0.01222   0.00000
  -0.04254  -0.03398  -0.02264  -0.01109   0.00000
  -0.04032  -0.03169  -0.02089  -0.00999   0.00000
  -0.03815  -0.02947  -0.01918  -0.00894   0.00000
  -0.03601  -0.02733  -0.01748  -0.00795   0.00000
  -0.03390  -0.02528  -0.01579  -0.00703   0.00000
  -0.03180  -0.02332  -0.01412  -0.00618   0.00000
  -0.02974  -0.02143  -0.01248  -0.00538   0.00000
  -0.02771  -0.01960  -0.01092  -0.00463   0.00000
  -0.02574  -0.01781  -0.00944  -0.00390   0.00000
  -0.02382  -0.01604  -0.00808  -0.00319   0.00000
  -0.02198  -0.01429  -0.00683  -0.00249   0.00000
  -0.02018  -0.01258  -0.00568  -0.00180   0.00000
  -0.01843  -0.01093  -0.00462  -0.00114   0.00000
  -0.01671  -0.00936  -0.00361  -0.00053   0.00000
  -0.01500  -0.00789  -0.00264   0.00002   0.00000
  -0.01332  -0.00652  -0.00168   0.00050   0.00000
  -0.01168  -0.00524  -0.00075   0.00091   0.00000
  -0.01010  -0.00404   0.00015   0.00127   0.00000
  -0.00861  -0.00289   0.00101   0.00158   0.00000
  -0.00723  -0.00178   0.00179   0.00187   0.00000
  -0.00597  -0.00068   0.00250   0.00215   0.00000
  -0.00482   0.00039   0.00313   0.00242   0.00000
  -0.00377   0.00141   0.00370   0.00269   0.00000
  -0.00278   0.00236   0.00421   0.00296   0.00000
  -0.00185   0.00321   0.00469   0.00322   0.00000
  -0.00094   0.00395   0.00515   0.00347   0.00000
  -0.00006   0.00458   0.00561   0.00370   0.00000
   0.00079   0.00509   0.00605   0.00391   0.00000
   0.00158   0.00553   0.00646   0.00412   0.00000
   0.00230   0.00592   0.00683   0.00431   0.00000
   0.00295   0.00628   0.00714   0.00450   0.00000
   0.00351   0.00664   0.00738   0.00468   0.00000
   0.00400   0.00700   0.00756   0.00485   0.00000
   0.00444   0.00737   0.00770   0.00499   0.00000
   0.00482   0.00773   0.00780   0.00509   0.00000
   0.00517   0.00806   0.00790   0.00515   0.00000
E(T) = 
 1.1797

U
 Columns 1 through 6:

   0.0000000  -0.0051476  -0.0078963  -0.0080636  -0.0051719   0.0000374

 Columns 7 through 12:

   0.0052448   0.0081266   0.0079455   0.0051750  -0.0000003  -0.0051756

 Columns 13 through 18:

  -0.0079461  -0.0081272  -0.0052453  -0.0000379   0.0051715   0.0080633

 Columns 19 through 21:

   0.0078961   0.0051475   0.0000000
V
 Columns 1 through 6:

   0.0000000   0.0016946   0.0032247   0.0041705   0.0030880  -0.0000232

 Columns 7 through 12:

  -0.0031453  -0.0042259  -0.0032805  -0.0017512  -0.0000574   0.0016364

 Columns 13 through 18:

   0.0031658   0.0041104   0.0030237  -0.0000763  -0.0031868  -0.0042401

 Columns 19 through 21:

  -0.0032706  -0.0017175   0.0000000
